attack_left_1
11
10
-5
-7
2
2
  -1   -1   -1   -1   -1   -1   -1   -1   -1   -1   -1 
  -1   -1   -1   -1   -1   -1   -1   -1  623   -1   -1 
  -1   -1   -1   -1   -1  718   -1  623   -1   -1   -1 
  -1   -1   -1   -1    4    4  358   -1   -1   -1   -1 
  -1   -1   -1  718   -1  316   -1   -1   -1   -1   -1 
  -1   -1   -1   -1   -1  316   -1   -1   -1   -1   -1 
  -1   -1   -1   -1  316   -2    4   -1   -1   -1   -1 
  -1   -1   -1   -2  316   -2    4   -2   -1   -1   -1 
  -1   -1   -1   -1   -2   -2   -2   -2   -1   -1   -1 
  -1   -1   -1   -1   -1   -1   -1   -1   -1   -1   -1 

  -1   -1   -1   -1   -1   -1   -1   -1   -1   -1   -1 
  -1   -1   -1   -1   -1   -1   -1   -1   -1   -1   -1 
  -1   -1   -1   -1   -1   -1   -1   -1   -1   -1   -1 
  -1   -1   -1   -1   -1  718   -1   -1   15   -1   -1 
  -1   -1   -1   -1  718  316   15   15   -1   -1   -1 
  -1   -1   -1  368   15  316   15   -1   -1   -1   -1 
  -1   -1   15  368  316   15    4   -1   -1   -1   -1 
  -1   -1   -2   -2  316   -2    4   -2   -1   -1   -1 
  -1   -1   -1   -2   -2   -2   -2   -1   -1   -1   -1 
  -1   -1   -1   -1   -1   -1   -1   -1   -1   -1   -1 
