attack_right_4
11
10
-5
-7
2
2
  -1   -1   -1   -1   -1   -1   -1   -1   -1   -1   -1 
  -1   -1   -1   -1   -1   -1   -1   -1   -1   -1   -1 
  -1   -1   -1   -1  718  358   -1   -1   -1   -1   -1 
  -1   -1   -1  368   -1    4   -1   -1   -1   -1   -1 
  -1   -1  368   -1   -1  316   -1   -1   -1   -1   -1 
  -1   -1   -1   -1   -1  316   -1   -1   -1   -1   -1 
  -1   -1   -1   -2    4   -2  316   -1   -1   -1   -1 
  -1   -1   -2   -2    4   -2  316   -2   -1   -1   -1 
  -1   -1   -1   -2   -2   -2   -2   -1   -1   -1   -1 
  -1   -1   -1   -1   -1   -1   -1   -1   -1   -1   -1 

  -1   -1   -1   -1   -1   -1   -1   -1   -1   -1   -1 
  -1   -1   -1   -1   15   15   15   15   -1   -1   -1 
  -1   -1   -1   15   15   15   15   15   15   -1   -1 
  -1   -1   15   -1   -1  718   15   15   15   15   -1 
  -1   -1   -1   -1   -1    4   -1   15   15   15   -1 
  -1   -1   -1   -1   -1  316  718   15   15   15   -1 
  -1   -1   -1   -1  316   -2    4  368   15   -1   -1 
  -1   -1   -1   -2  316   -2    4   -2  368   -2   -1 
  -1   -1   -1   -1   -2   -2   -2   -2   -2   -1   -1 
  -1   -1   -1   -1   -1   -1   -1   -1   -1   -1   -1 
