attack_up_4
11
10
-5
-7
2
2
  -1   -1   -1   -1   -1   -1   -1   -1   -1   -1   -1 
  -1   -1   -1   -1   -1   -1   -1   -1   -1   -1   -1 
  -1   -1   -1   -1   -1  718   -1   -1   -1   -1   -1 
  -1   -1   -1   -1  316  368  316   -1   -1   -1   -1 
  -1   -1   -1   -1   -1  368   -1   -1   -1   -1   -1 
  -1   -1   -1   -1   -1    4   -1   -1   -1   -1   -1 
  -1   -1   -1   -1  316   -2    4   -1   -1   -1   -1 
  -1   -1   -1   -2  316   -2    4   -2   -1   -1   -1 
  -1   -1   -1   -1   -2   -2   -2   -1   -1   -1   -1 
  -1   -1   -1   -1   -1   -1   -1   -1   -1   -1   -1 

  -1   -1   -1   -1   -1   -1   -1   -1   -1   -1   -1 
  -1   -1   -1   -1   -1   15   -1   -1   -1   -1   -1 
  -1   -1   -1   -1   -1   15   -1   -1   -1   -1   -1 
  -1   -1   -1   -1   -1   15   -1   -1   -1   -1   -1 
  -1   -1   -1   -1  316   15  316   -1   -1   -1   -1 
  -1   -1   -1   -1   -1    4   -1   -1   -1   -1   -1 
  -1   -1   -1   -1    4  623  316   -1   -1   -1   -1 
  -1   -1   -1   -2    4  623  316   -2   -1   -1   -1 
  -1   -1   -1   -1   -2   -2   -2   -1   -1   -1   -1 
  -1   -1   -1   -1   -1   -1   -1   -1   -1   -1   -1 
