map02
150
150
383 383 383 383 383 383 383 383 383 383 383 383 376 376 376 376 376 376 376 376 376 376 376 376 376 376 376 262 376 376 376 376 376 376 376 376 376 376 376 376 376 376 376 376 376 376 262 262 376 376 376 376 376 376 376 376 376 376 376 376 376 376 376 376 376 376 376 376 376 376 376 376 376 376 376 376 376 376 376 376 262 262 376 376 376 376 376 376 376 376 376 376 376 376 376 376 376 376 376 376 376 376 376 376 376 376 376 376 376 376 376 376 262 262 262 376 376 376 376 383 383 383 383 383 383 383 383 383 383 383 383 383 383 383 383 383 383 383 383 383 383 383 376 383 383 383 383 383 383 383 
383 383 383 383 383 383 383 383 383 383 383 383 383 376 376 376 376 376 376 262 376 376 376 376 383 376 376 262 262 376 376 376 376 383 376 376 376 262 376 376 376 376 376 376 376 376 376 262 376 376 376 376 376 376 376 376 376 376 376 376 376 376 376 376 376 262 376 376 376 376 376 376 376 376 376 376 376 376 376 376 262 262 262 376 376 376 376 376 376 262 376 376 376 376 376 376 376 376 376 376 376 376 376 376 376 376 376 376 376 376 376 376 376 262 262 376 376 376 376 383 383 383 383 383 383 383 383 383 383 383 383 383 383 383 383 383 383 383 383 383 383 383 376 383 383 383 383 383 383 383 
383 383 383 383 383 383 383 383 383 383 383 383 383 376 376 376 376 376 376 262 376 376 376 376 383 376 376 376 262 376 262 262 376 383 383 376 376 262 376 376 376 376 376 262 376 376 376 262 376 376 376 376 383 383 376 376 376 376 376 376 376 376 376 376 262 262 376 376 376 376 376 376 376 376 376 376 376 376 376 383 262 262 262 376 376 376 376 376 376 376 376 376 376 376 376 376 376 376 376 376 376 376 262 376 376 376 376 376 376 376 376 376 376 262 262 376 376 376 376 383 383 383 383 383 383 383 383 383 383 383 383 383 383 383 383 383 383 383 383 383 383 376 383 383 383 383 383 383 383 383 
383 383 383 383 383 383 383 383 383 383 383 383 383 376 376 376 376 376 262 262 376 376 376 376 383 383 376 376 376 376 376 262 376 383 383 376 376 376 376 376 376 376 376 262 262 262 376 262 376 376 376 376 383 383 376 376 376 376 376 262 376 376 376 376 262 376 376 376 376 262 376 376 376 376 376 376 376 376 376 383 262 262 262 376 376 376 376 376 376 376 376 376 376 376 376 376 376 376 383 376 376 376 262 376 376 376 376 376 376 376 376 376 262 262 262 376 376 376 376 383 383 383 383 383 383 383 383 383 383 383 383 383 383 383 383 383 383 383 383 383 383 383 383 383 383 383 383 383 383 383 
383 383 383 383 383 383 383 383 383 383 383 383 376 376 262 376 376 376 376 376 376 376 383 383 383 383 383 376 376 376 376 376 376 383 383 383 376 376 376 376 376 376 383 376 376 376 376 376 376 376 376 383 383 383 376 376 376 376 376 262 376 376 376 376 262 376 376 376 376 262 376 376 376 383 376 376 376 376 383 383 262 262 262 376 376 262 376 376 376 376 376 376 376 376 376 376 376 376 383 376 376 376 376 376 376 376 376 262 262 376 376 376 262 262 262 376 376 376 376 383 383 383 383 383 383 383 383 376 376 376 383 383 383 383 383 383 376 383 383 383 383 383 383 383 383 383 383 383 383 383 
383 383 383 383 383 383 383 383 383 383 383 383 376 376 262 376 376 376 376 376 376 383 383 383 383 383 383 383 383 376 376 376 376 383 383 383 376 383 383 376 376 383 383 376 376 376 376 376 376 376 376 383 383 383 376 376 376 376 376 262 376 376 376 376 376 376 376 376 376 376 376 376 376 383 376 376 376 376 383 383 376 262 262 262 376 262 376 376 262 262 376 376 376 376 262 376 376 376 383 376 376 376 376 262 376 376 376 376 262 376 376 376 262 262 262 376 376 262 376 376 383 383 383 383 383 376 376 376 376 376 383 383 383 383 383 383 376 383 383 383 383 383 383 383 383 383 383 383 383 383 
383 383 383 383 383 383 383 383 383 383 383 376 376 376 376 262 376 376 376 376 376 383 383 383 376 383 383 383 383 383 383 383 383 383 383 383 383 383 383 383 383 383 383 383 376 376 376 376 376 376 376 383 376 383 376 376 376 376 376 376 376 376 376 376 376 376 376 376 376 376 376 376 376 383 376 376 376 376 383 383 376 262 262 262 376 262 376 376 376 262 376 376 376 376 262 376 376 376 383 376 376 376 376 262 376 376 376 376 376 376 376 376 262 262 262 376 376 376 262 376 383 383 383 383 383 383 376 376 376 376 376 383 383 383 383 383 383 383 383 383 383 383 383 383 383 383 383 383 383 383 
376 383 383 383 383 383 383 383 383 383 383 376 376 376 376 262 376 376 376 383 383 383 383 383 383 383 383 383 383 383 383 376 376 383 383 383 376 383 383 383 383 383 383 383 376 376 376 376 376 376 376 383 383 383 383 376 376 376 376 376 376 376 376 376 376 383 383 376 376 376 376 376 376 383 376 376 376 376 383 383 376 262 262 262 376 376 376 376 376 262 376 376 376 376 376 376 376 376 383 376 376 376 376 376 376 376 376 376 376 376 376 376 262 262 262 376 376 376 376 376 383 383 376 376 383 383 376 376 376 376 376 376 376 383 383 383 383 383 383 383 383 383 383 383 383 383 383 383 383 383 
376 376 383 383 383 383 383 383 383 383 383 376 376 376 376 376 376 376 383 383 383 383 383 383 383 383 383 383 383 383 376 376 383 383 383 383 376 383 383 376 383 383 383 383 383 376 383 383 376 376 383 383 383 383 383 376 376 376 376 376 376 376 376 376 376 383 383 383 376 376 376 376 376 383 376 376 376 376 383 376 262 262 262 262 376 376 376 376 376 262 376 376 376 376 376 376 383 383 383 376 376 376 376 376 376 376 376 376 376 376 376 376 262 262 262 376 376 376 376 376 376 383 383 383 383 383 376 376 376 376 262 262 376 376 383 383 383 383 383 383 383 383 383 383 383 383 383 383 383 383 
376 376 376 383 383 383 383 383 383 383 383 376 376 376 262 376 376 376 383 383 174 174 174 174 174 174 174 174 174 174 383 383 383 383 383 383 383 383 383 376 383 383 383 383 383 383 383 383 383 376 383 383 383 383 383 383 383 383 376 376 376 376 376 383 383 383 383 383 383 376 376 376 383 383 376 376 376 383 383 383 262 262 262 262 376 376 376 376 376 376 376 376 376 376 376 376 383 383 383 376 376 376 376 376 376 376 376 376 376 376 376 376 262 262 262 376 376 376 376 376 376 383 383 383 383 383 376 376 376 376 376 262 262 376 376 383 383 383 383 383 383 383 383 383 383 376 376 376 383 383 
376 376 376 376 376 376 376 383 383 383 383 376 376 376 262 376 376 383 174 174 174 174 174 174 174 174 174 174 174 174 174 174 174 174 174 174 174 383 383 383 376 383 383 383 383 383 383 383 383 376 376 383 174 174 383 383 383 383 376 376 376 383 383 383 383 383 383 383 383 383 383 383 383 383 383 376 376 383 383 383 262 262 262 262 376 376 376 376 376 376 376 376 376 376 376 383 383 376 383 376 376 376 376 376 376 376 376 376 262 376 376 376 262 262 262 376 376 376 376 376 376 383 383 383 383 383 383 376 376 376 376 262 262 376 376 383 383 383 383 383 383 383 383 383 376 376 376 376 376 383 
376 376 376 376 376 376 376 376 383 383 383 376 376 262 262 376 376 174 174 174 174 174 174 174 174 174 174 174 174 174 174 174 174 174 174 174 174 174 174 174 174 174 174 174 174 174 174 174 174 174 174 174 174 174 174 174 174 174 174 174 174 174 174 174 383 383 383 383 383 383 376 383 383 383 383 376 383 383 383 383 262 262 262 262 376 376 376 262 376 376 376 376 376 376 376 383 383 376 383 376 376 262 376 376 376 376 376 376 376 262 376 262 262 262 262 376 376 376 376 376 376 383 383 383 383 383 383 376 376 376 376 262 262 262 376 376 383 383 383 383 383 383 383 376 376 376 383 383 376 383 
376 376 376 376 376 376 376 376 383 383 383 376 376 262 376 376 376 174 174 174 174 174 174 174 174 174 174 174 174 174 174 174 174 174 174 174 174 174 174 174 174 174 174 174 174 174 174 174 174 174 174 174 174 174 174 174 174 174 174 174 174 174 174 174 174 174 174 383 383 383 383 383 383 376 376 383 383 383 383 383 262 262 262 262 376 376 376 376 376 376 376 376 262 376 383 383 383 383 383 376 376 376 376 376 376 376 376 376 376 262 376 262 262 262 262 376 376 376 262 376 376 383 383 376 383 383 383 376 376 376 376 262 262 262 262 376 383 383 383 383 383 383 383 262 376 376 383 383 376 383 
262 376 376 376 376 376 376 376 376 376 376 376 376 376 376 376 376 174 174 174 174 174 174 174 174 174 174 174 174 174 174 174 174 174 174 174 174 174 174 174 174 174 174 174 174 174 174 174 174 174 174 174 174 174 174 174 174 174 174 174 174 174 174 174 174 174 174 174 174 174 383 383 383 383 376 383 383 383 383 383 376 262 262 262 376 376 376 376 376 376 376 376 262 376 383 383 383 383 383 383 376 376 376 376 376 376 376 376 376 376 376 262 262 262 262 376 376 376 262 376 376 383 383 383 383 383 383 376 376 376 376 376 262 262 262 376 376 383 383 383 383 383 383 262 262 376 383 383 383 383 
262 262 262 262 262 376 376 376 376 376 376 376 376 376 376 376 376 174 174 174 174 174 174 174 174 174 174 174 174 174 174 174 174 174 174 174 174 174 174 174 174 174 174 174 174 174 174 174 174 174 174 174 174 174 174 174 174 174 174 174 174 174 174 174 174 174 174 174 174 174 174 383 383 383 383 383 383 376 383 383 376 262 262 262 376 376 376 376 376 376 376 376 376 376 376 383 383 383 383 383 376 376 376 376 376 262 376 376 376 376 376 262 262 262 262 376 376 376 262 376 376 376 383 383 383 383 383 376 376 376 376 376 262 262 262 376 376 376 383 383 383 383 383 383 262 376 376 383 383 383 
262 262 262 262 262 262 262 262 376 376 376 376 376 376 376 262 174 174 174 174 174 174 174 174 174 174 174 174 174 174 174 174 174 174 174 174 174 174 174 174 174 174 174 174 174 174 174 174 174 174 174 174 174 174 174 174 174 174 174 174 174 174 174 174 174 174 174 174 174 174 174 174 174 174 383 383 383 376 383 383 383 262 262 262 376 376 376 376 376 376 376 376 376 376 376 383 383 383 383 383 376 376 376 376 376 262 376 376 376 376 376 262 262 262 262 376 376 376 262 376 376 376 383 383 383 383 383 376 376 262 376 376 262 262 262 262 376 376 376 383 383 383 383 383 383 383 383 383 383 383 
262 262 262 262 262 262 262 262 262 376 376 376 376 376 376 262 262 174 174 174 174 174 174 174 174 174 174 174 174 174 174 174 174 174 174 174 174 174 174 174 174 174 174 174 174 174 174 174 174 174 174 174 174 174 174 174 174 174 174 174 174 174 174 174 174 174 174 174 174 174 174 174 174 174 174 174 383 383 376 383 383 262 262 262 376 376 376 376 376 376 262 376 376 376 376 383 383 376 383 383 376 376 376 376 376 262 376 376 262 262 376 262 262 262 262 376 376 376 376 376 376 376 383 383 383 383 383 376 376 376 262 376 262 262 262 262 262 376 376 376 383 383 383 383 383 383 383 383 383 383 
262 262 262 262 262 262 262 262 262 262 376 376 376 376 262 262 262 174 174 174 174 174 174 347 347 347 347 347 347 347 347 347 174 174 174 174 174 174 174 174 174 174 174 174 174 174 174 174 174 174 174 174 174 174 174 174 174 174 174 174 174 174 174 174 174 174 174 174 174 174 174 174 174 174 174 174 174 174 383 383 383 262 262 262 376 376 376 376 376 376 262 376 376 376 383 383 383 376 383 383 376 376 262 376 376 376 376 376 376 376 376 262 262 262 262 376 376 376 376 376 376 376 383 383 383 383 383 376 376 376 376 376 376 262 262 262 262 262 262 376 383 383 383 383 383 383 383 383 383 383 
262 262 262 262 262 262 262 262 262 262 262 376 376 376 262 262 262 174 174 174 174 347 347 347 347 347 347 347 347 347 347 347 347 174 174 174 174 174 174 174 174 174 174 174 174 174 174 174 174 174 174 174 174 174 174 174 174 174 174 174 174 174 174 174 174 174 174 174 174 174 174 174 174 174 174 174 174 174 174 174 383 383 262 262 262 376 376 376 376 376 376 376 376 383 383 383 383 383 383 383 376 262 376 376 376 376 376 376 376 376 376 262 262 262 262 262 376 376 376 376 376 376 383 383 383 376 376 376 376 376 376 376 376 262 262 262 262 262 262 376 376 383 383 383 383 383 383 383 383 383 
262 262 262 262 262 262 262 262 262 262 262 376 376 376 262 262 262 174 174 174 174 347 347 347 347 347 347 347 347 347 347 347 347 347 174 174 174 174 174 174 174 174 174 174 174 174 174 174 174 174 174 174 174 174 174 174 174 174 174 174 174 174 174 174 174 174 174 174 174 174 174 174 174 174 174 174 174 174 174 174 174 174 262 262 262 262 376 376 376 376 376 376 383 383 383 383 383 383 383 383 376 376 376 376 376 376 262 376 376 376 376 262 262 262 262 262 376 262 376 376 376 376 383 383 383 383 383 376 376 376 376 376 376 262 262 262 262 262 262 376 376 376 383 383 383 383 376 376 383 383 
262 262 262 262 262 262 262 262 262 262 262 376 376 376 262 262 262 174 174 174 174 347 347 347 347 347 347 347 347 347 347 347 347 347 174 174 174 174 174 174 174 174 174 174 174 174 174 174 174 174 174 174 174 174 174 174 174 174 174 174 174 174 174 174 174 174 174 174 174 174 174 174 174 174 174 174 174 174 174 174 174 174 174 262 262 262 262 383 383 376 376 376 383 383 383 383 383 383 376 383 383 376 376 376 376 376 376 262 376 376 376 376 262 262 262 262 376 376 262 376 376 376 383 383 383 383 383 376 376 376 376 376 376 262 262 262 262 262 262 262 376 376 383 383 383 376 383 383 383 383 
262 262 262 262 262 262 262 262 262 262 262 376 376 376 376 262 262 174 174 174 174 347 347 347 347 347 347 347 347 347 347 347 347 347 347 174 174 174 174 174 174 174 174 174 174 174 174 174 174 174 174 174 174 174 174 174 174 174 174 174 174 174 174 174 174 174 174 174 174 174 174 174 174 174 174 174 174 174 174 174 174 174 174 174 174 174 174 376 383 383 383 383 383 383 383 376 383 383 376 383 383 383 383 376 376 376 376 262 376 376 376 376 262 262 262 262 376 376 262 376 376 376 383 383 383 383 383 376 376 262 262 376 376 262 262 262 262 262 262 262 376 376 383 383 376 383 383 383 383 383 
262 262 262 262 262 262 262 262 262 262 262 262 376 376 376 376 262 174 174 174 174 347 347 347 347 347 347 347 347 347 347 347 347 347 347 174 174 174 174 174 174 174 174 174 174 174 174 174 174 174 174 174 174 174 174 174 174 174 174 174 174 174 174 174 174 174 174 174 174 174 174 174 174 174 174 174 174 174 174 174 174 174 174 174 174 174 174 174 174 383 383 383 383 383 383 376 383 383 383 383 383 383 383 383 383 383 376 376 376 376 376 376 262 262 262 262 376 376 376 376 376 383 383 383 383 383 383 383 376 376 376 376 376 262 262 262 262 262 262 262 376 376 383 383 383 383 383 383 383 383 
262 262 262 262 262 262 262 262 262 262 262 262 376 376 376 376 262 174 174 174 174 347 347 347 347 347 347 347 347 347 347 347 347 347 347 174 174 174 174 174 174 174 174 174 174 174 174 174 174 174 174 174 174 174 174 174 174 174 174 174 174 174 174 174 174 174 174 174 174 174 174 174 174 174 174 174 174 174 174 174 174 174 174 174 174 174 174 174 174 174 383 383 383 383 383 383 383 383 376 376 383 383 383 383 383 383 376 376 376 376 376 174 262 262 262 262 376 376 376 376 376 383 383 376 383 383 383 383 376 376 376 376 376 262 262 262 262 262 262 262 376 376 383 383 383 383 383 383 383 383 
376 262 262 262 262 262 262 262 262 262 262 262 376 376 376 376 262 174 174 174 174 347 347 347 347 347 347 347 347 347 347 347 347 347 347 347 174 174 174 174 174 174 174 174 174 174 174 174 174 174 174 174 174 174 174 174 174 174 174 174 174 174 174 174 174 174 174 174 174 174 174 174 174 174 174 174 174 174 174 174 174 174 174 174 174 174 174 174 174 174 174 174 174 383 383 383 383 383 383 383 383 376 376 376 383 376 174 174 174 174 174 174 262 262 262 262 376 376 376 376 376 376 383 383 383 383 383 383 376 376 376 376 376 262 262 262 262 262 262 262 376 376 383 383 383 383 383 383 383 383 
376 376 262 262 262 262 262 262 262 262 262 262 376 376 376 376 262 174 174 174 174 174 347 347 347 347 347 347 347 347 347 347 347 347 347 347 347 174 174 174 174 174 174 174 174 174 174 174 174 174 174 174 174 174 174 174 174 174 174 174 174 174 174 174 174 174 174 174 174 174 174 174 174 174 174 174 174 174 174 174 174 174 174 174 174 174 174 174 174 174 174 174 174 174 174 174 174 174 174 174 174 174 174 174 174 174 174 174 174 174 174 174 262 262 262 262 376 376 262 262 376 376 383 383 383 383 383 383 376 376 376 376 376 262 262 262 262 262 262 262 376 376 376 383 383 383 383 383 383 383 
376 376 376 376 262 262 262 262 262 262 262 262 376 376 376 376 262 174 174 174 174 174 347 347 347 347 347 347 347 347 347 347 347 347 347 347 347 347 347 174 174 174 174 174 174 174 174 174 174 174 174 174 174 174 174 174 174 174 174 174 174 174 174 174 174 174 174 174 174 174 174 174 174 174 174 174 174 174 174 174 174 174 174 174 174 174 174 174 174 174 174 174 174 174 174 174 174 174 174 174 174 174 174 174 174 174 174 174 174 174 174 174 262 262 262 262 376 376 376 376 376 376 383 383 383 383 383 383 376 376 376 376 376 262 262 262 262 262 262 262 376 376 376 383 383 383 383 383 383 383 
376 376 376 376 262 262 262 262 262 262 262 262 262 376 376 376 262 174 174 174 174 174 347 347 347 347 347 347 347 347 347 347 347 347 347 347 347 347 347 347 347 174 174 174 174 174 174 174 174 174 174 174 174 174 174 174 174 174 174 174 174 174 174 174 174 174 174 174 174 174 174 174 174 174 174 174 174 174 174 174 174 174 174 174 174 174 174 174 174 174 174 174 174 174 174 174 174 174 174 174 174 174 174 174 174 174 174 174 174 174 174 174 174 262 262 262 376 376 376 376 376 376 383 383 383 383 383 383 376 376 376 376 262 262 262 262 262 262 262 262 376 376 376 383 383 383 383 383 383 383 
376 376 376 376 376 262 262 262 262 262 262 262 262 376 376 376 376 174 174 174 174 174 174 347 347 347 347 347 347 347 347 347 347 347 347 347 347 347 347 347 347 347 347 347 174 174 174 174 174 174 174 174 174 174 174 174 174 174 174 174 174 174 174 174 174 174 174 174 174 174 174 174 174 174 174 174 174 174 174 174 174 174 174 174 174 174 174 174 174 174 174 174 174 174 174 174 174 174 174 174 174 174 174 174 174 174 174 174 174 174 174 174 174 262 262 262 262 376 376 376 376 376 383 383 376 376 376 383 376 376 376 376 262 262 262 262 262 262 262 262 376 376 376 383 383 383 383 383 383 383 
376 376 376 376 376 262 262 262 262 262 262 262 262 262 376 376 376 376 174 174 174 174 174 174 174 347 347 347 347 347 347 347 347 347 347 347 347 347 347 347 347 347 347 347 347 347 347 347 174 174 174 174 174 174 174 174 174 174 174 174 174 174 174 174 174 174 174 174 174 174 174 174 174 174 174 174 174 174 174 174 174 174 174 174 174 174 174 174 174 174 174 174 174 174 174 174 174 174 174 174 174 174 174 174 174 174 174 174 174 174 174 174 174 262 262 262 262 376 376 376 376 376 383 383 383 383 383 383 383 376 262 376 262 262 262 262 262 262 262 262 376 376 376 383 383 383 383 376 383 383 
376 376 376 376 376 376 262 262 262 262 262 262 262 376 376 376 376 376 174 174 174 174 174 174 174 174 347 347 347 347 347 347 347 347 347 347 347 347 347 347 347 347 347 347 347 347 347 347 347 347 347 347 347 347 347 174 174 174 174 174 174 174 174 174 174 174 174 174 174 174 174 174 174 174 174 174 174 174 174 174 174 174 174 174 174 174 174 174 174 174 174 174 174 174 174 174 174 174 174 174 174 174 174 174 174 174 174 174 174 174 174 174 174 174 262 262 262 262 376 262 262 376 383 383 383 383 383 383 383 376 376 376 262 262 262 262 262 262 262 262 376 376 376 383 383 383 376 383 383 383 
376 376 376 376 376 376 376 262 262 262 262 262 262 262 376 376 376 376 376 174 174 174 174 174 174 174 174 174 347 347 347 347 347 347 347 347 347 347 347 347 347 347 347 347 347 347 347 347 347 347 347 347 347 347 347 347 347 347 174 174 174 174 174 174 174 174 174 174 174 174 174 174 174 174 174 174 174 174 174 174 174 174 174 174 174 174 174 174 174 174 174 174 174 174 174 174 174 174 174 174 174 174 174 174 174 174 174 174 174 174 174 174 174 174 262 262 262 376 376 376 376 376 383 383 383 383 383 383 383 376 376 376 262 262 262 262 262 262 262 262 376 376 376 383 383 376 383 383 383 383 
544 376 376 376 376 376 376 262 262 262 262 262 262 262 376 376 376 376 376 174 174 174 174 174 174 174 174 174 174 174 174 174 347 347 347 347 347 347 347 347 347 347 347 347 347 347 347 347 347 347 347 347 347 347 347 347 347 347 347 347 347 174 174 174 174 174 174 174 174 174 174 174 174 174 174 174 174 174 174 174 174 174 174 174 174 174 174 174 174 174 174 174 174 174 174 174 174 174 174 174 174 174 174 174 174 174 174 174 174 174 174 174 174 174 174 262 262 376 376 376 376 376 383 383 376 383 383 383 383 376 376 376 262 262 262 262 262 262 262 262 376 376 376 383 383 383 383 383 383 383 
544 544 544 544 376 376 376 376 376 262 262 262 262 262 262 376 376 376 376 376 174 174 174 174 174 174 174 174 174 174 174 174 174 174 347 347 347 347 347 347 347 347 347 347 347 347 347 347 347 347 347 347 347 347 347 347 347 347 347 347 347 347 347 347 174 174 174 174 174 174 174 174 174 174 174 174 174 174 174 174 174 174 174 174 174 174 174 174 174 174 174 174 174 174 174 174 174 174 174 174 174 174 174 174 174 174 174 174 174 174 174 174 174 174 174 174 262 376 376 376 383 383 383 383 376 383 383 383 383 376 376 376 262 262 262 262 262 262 262 262 376 376 376 383 383 383 383 383 383 383 
544 544 544 544 544 544 376 376 376 376 262 262 262 262 262 262 376 376 376 376 376 174 174 174 174 174 174 174 174 174 174 174 174 174 174 174 174 174 174 347 347 347 347 347 347 347 347 347 347 347 347 347 347 347 347 347 347 347 347 347 347 347 347 347 347 347 174 174 174 174 174 174 174 174 174 174 174 174 174 174 174 174 174 174 174 174 174 174 174 174 174 174 174 174 174 174 174 174 174 174 174 174 174 174 174 174 174 174 174 174 174 174 174 174 174 174 174 174 174 383 383 383 383 383 383 383 383 383 376 376 376 376 262 262 262 262 262 262 262 262 376 376 383 383 383 383 383 383 383 383 
544 544 544 544 544 544 544 376 376 376 262 262 262 262 262 262 376 376 376 376 376 174 174 174 174 174 174 174 174 174 174 174 174 174 174 174 174 174 174 174 174 174 347 347 347 347 347 347 347 347 347 347 347 347 347 347 347 347 347 347 347 347 347 347 347 347 347 347 174 174 174 174 174 174 174 174 174 174 174 174 174 174 174 174 174 174 174 174 174 174 174 174 174 174 174 174 174 174 174 174 174 174 174 174 174 174 174 174 174 174 174 174 174 174 174 174 174 174 174 174 174 174 174 174 383 383 383 383 376 376 376 376 262 262 262 262 262 262 262 262 376 376 383 383 383 383 383 383 383 383 
544 544 544 544 544 544 544 544 376 376 262 262 262 262 262 262 262 376 376 376 376 174 174 174 174 174 174 174 174 174 174 174 174 174 174 174 174 174 174 174 174 174 174 174 174 174 347 347 347 347 347 347 347 347 347 347 347 347 347 347 347 347 347 347 347 347 347 347 347 347 174 174 174 174 174 174 174 174 174 174 174 174 174 174 174 174 174 174 174 174 174 174 174 174 174 174 174 174 174 174 174 174 174 174 174 174 174 174 174 174 174 174 174 174 174 174 174 174 174 174 174 174 174 174 174 174 174 383 376 376 376 376 262 262 262 262 262 262 262 262 376 376 383 383 383 383 383 383 383 383 
544 544 544 544 544 544 544 544 544 376 376 262 262 262 262 262 262 376 376 376 376 376 174 174 174 174 174 174 174 174 174 174 174 174 174 174 174 174 174 174 174 174 174 174 174 174 174 174 174 174 174 174 174 347 347 347 347 347 347 347 347 347 347 347 347 347 347 347 347 347 347 347 174 174 174 174 174 174 174 174 174 174 174 174 174 174 174 174 174 174 174 174 174 174 174 174 174 174 174 174 174 174 174 174 174 174 174 174 174 174 174 174 174 174 174 174 174 174 174 174 174 174 174 174 174 174 174 174 376 376 376 376 262 262 262 262 262 262 262 262 376 376 383 383 383 383 383 383 383 383 
544 544 544 544 544 544 544 544 544 376 376 262 262 262 262 262 262 376 376 376 376 376 174 174 174 174 174 174 174 174 174 174 174 174 174 174 174 174 174 174 174 174 174 174 174 174 174 174 174 174 174 174 174 174 174 347 347 347 347 347 347 347 347 347 347 347 347 347 347 347 347 347 347 174 174 174 174 174 174 174 174 174 174 174 174 174 174 174 174 174 174 174 174 174 174 174 174 174 174 174 174 174 174 174 174 174 174 174 174 174 174 174 174 174 174 174 174 174 174 174 174 174 174 174 174 174 174 174 174 174 376 376 262 262 262 262 262 262 262 262 376 376 383 383 383 383 383 383 383 383 
544 544 544 544 544 544 544 544 544 544 544 376 262 262 262 262 262 376 376 376 376 376 383 174 174 174 174 174 174 174 174 174 174 174 174 174 174 174 174 174 174 174 174 174 174 174 174 174 174 174 174 174 174 174 174 174 174 174 347 347 347 347 347 347 347 347 347 347 347 347 347 347 347 347 174 174 174 174 174 174 174 174 174 174 174 174 174 174 174 174 174 174 174 174 174 174 174 174 174 174 174 174 174 174 174 174 174 174 174 174 174 174 174 174 174 174 174 174 174 174 174 174 174 174 174 174 174 174 174 174 174 376 376 262 262 262 262 262 262 262 376 376 383 383 383 383 376 376 376 376 
544 544 544 544 544 544 544 544 544 544 544 544 262 262 262 262 262 262 376 376 376 376 376 383 174 174 174 174 174 174 174 174 174 174 174 174 174 174 174 174 174 174 174 174 174 174 174 174 174 174 174 174 174 174 174 174 174 174 174 174 174 347 347 347 347 347 347 347 347 347 347 347 347 347 347 174 174 174 174 174 174 174 174 174 174 174 174 174 174 174 174 174 174 174 174 174 174 174 174 174 174 174 174 174 174 174 174 174 174 174 174 174 174 174 174 174 174 174 174 174 174 174 174 174 174 174 174 174 174 174 174 376 376 262 262 262 262 262 262 262 376 383 383 383 383 376 376 376 376 376 
544 544 544 544 544 544 544 544 544 544 544 544 544 544 262 262 262 262 376 376 376 376 376 376 383 383 174 174 174 174 174 174 174 174 174 174 174 174 174 174 174 174 174 174 174 174 174 174 174 174 174 174 174 174 174 174 174 174 174 174 174 174 174 347 347 347 347 347 347 347 347 347 347 347 347 347 174 174 174 174 174 174 174 174 174 174 174 174 174 174 174 174 174 174 174 174 174 174 174 174 174 174 174 174 174 174 174 174 174 174 174 174 174 174 174 174 174 174 174 174 174 174 174 174 174 174 174 174 174 174 174 174 376 262 262 262 262 262 262 262 376 383 383 383 383 376 376 376 376 383 
544 544 544 544 544 544 544 544 544 544 544 544 544 544 262 262 262 262 376 376 376 262 376 376 376 383 383 383 383 383 174 174 174 174 174 174 174 174 174 174 174 174 174 174 174 174 174 174 174 174 174 174 174 174 174 174 174 174 174 174 174 174 174 174 174 174 347 347 347 347 347 347 347 347 347 347 347 347 174 174 174 174 174 174 174 174 174 174 174 174 174 174 174 174 174 174 174 174 174 174 174 174 174 174 174 174 174 174 174 174 174 174 174 174 174 174 174 174 174 174 174 174 174 174 174 174 174 174 174 174 174 174 376 262 262 262 262 262 262 262 376 383 383 383 383 262 376 376 376 383 
544 544 544 544 544 544 544 544 544 544 544 544 544 544 544 262 262 262 376 376 376 262 376 376 376 376 383 383 383 383 383 383 376 376 383 383 383 383 383 174 174 174 174 174 174 174 174 174 174 174 174 174 174 174 174 174 174 174 174 174 174 174 174 174 174 174 174 174 347 347 347 347 347 347 347 347 347 347 347 174 174 174 174 174 174 174 174 174 174 174 174 174 174 174 174 174 174 174 174 174 174 174 174 174 174 174 174 174 174 174 174 174 174 174 174 174 174 174 174 174 174 174 174 174 174 174 174 174 174 174 174 174 262 262 262 262 262 262 262 262 376 383 383 383 262 262 376 376 383 383 
383 383 383 383 383 383 383 544 544 544 544 544 544 544 544 262 262 262 262 376 376 262 262 376 376 376 383 383 383 383 383 383 376 376 383 383 383 383 383 383 383 383 383 383 383 383 174 174 174 174 174 174 174 174 174 174 174 174 174 174 174 174 174 174 174 174 174 174 174 347 347 347 347 347 347 347 347 347 347 347 174 174 174 174 174 174 174 174 174 174 174 174 174 174 174 174 174 174 174 174 174 174 174 174 174 174 174 174 174 174 174 174 174 174 174 174 174 174 174 174 174 174 174 174 174 174 174 174 174 174 174 174 262 262 262 262 262 262 262 262 376 383 383 383 262 262 376 376 383 383 
383 383 383 383 383 383 383 383 383 383 383 544 544 544 544 544 262 262 262 376 376 376 262 376 376 376 376 383 383 376 383 383 376 376 383 383 383 383 383 383 383 383 376 383 383 383 383 383 174 174 174 174 174 174 174 174 174 174 174 174 174 174 174 174 174 174 174 174 174 174 347 347 347 347 347 347 347 347 347 347 347 347 174 174 174 174 174 174 174 174 174 174 174 174 174 174 174 174 174 174 174 174 174 174 174 174 174 174 174 174 174 174 174 174 174 174 174 174 174 174 174 174 174 174 174 174 174 174 174 174 174 174 262 262 262 262 262 262 262 262 376 376 383 383 383 262 376 376 383 383 
383 383 383 376 383 383 383 383 383 383 383 383 544 544 544 544 544 262 262 376 376 376 376 262 376 376 376 383 376 376 383 383 376 383 383 383 383 383 383 383 383 383 376 383 383 383 383 383 383 174 174 174 174 174 174 174 174 174 174 174 174 174 174 174 174 174 174 174 174 174 174 347 347 347 347 347 347 347 347 347 347 347 347 347 174 174 174 174 174 174 174 174 174 174 174 174 174 174 174 174 174 174 174 174 174 174 174 174 174 174 174 174 174 174 174 174 174 174 174 174 174 174 174 174 174 174 174 174 174 174 174 174 174 262 262 262 262 262 262 262 262 376 383 383 383 262 262 376 376 383 
383 383 383 383 383 383 383 383 383 383 383 383 383 383 544 544 544 544 262 262 376 376 376 376 376 376 376 383 383 376 383 383 376 383 383 383 376 376 383 383 383 383 376 376 383 383 383 383 383 383 174 174 174 174 174 174 174 174 174 174 174 174 174 174 174 174 174 174 174 174 174 174 347 347 347 347 347 347 347 347 347 347 347 347 347 347 347 347 174 174 174 174 174 174 174 174 174 174 174 174 174 174 174 174 174 174 174 174 174 174 174 174 174 174 174 174 174 174 174 174 174 174 174 174 174 174 174 174 174 174 174 174 174 262 262 262 262 262 262 262 262 376 383 383 383 383 383 262 376 376 
262 383 383 383 383 383 383 383 383 383 383 383 383 383 383 383 544 544 544 544 376 376 376 376 376 376 376 383 383 376 383 383 383 383 383 383 383 376 376 383 383 383 383 383 383 383 376 376 376 383 383 383 174 174 174 174 174 174 174 174 174 174 174 174 174 174 174 174 174 174 174 174 174 347 347 347 347 347 347 347 347 347 347 347 347 347 347 347 347 347 347 347 347 174 174 174 174 174 174 174 174 174 174 174 174 174 174 174 174 174 174 174 174 174 174 174 174 174 174 174 174 174 174 174 174 174 174 174 174 174 174 174 174 262 262 262 262 262 262 262 262 262 376 383 383 383 383 383 383 383 
262 383 383 383 383 383 383 383 383 383 383 383 383 383 383 383 383 544 544 544 544 376 376 376 376 376 376 383 383 383 383 383 383 383 383 383 383 383 376 383 383 383 383 383 383 376 376 376 376 376 376 383 383 383 174 174 174 174 174 174 174 174 174 174 174 174 174 174 174 174 174 174 174 347 347 347 347 347 347 347 347 347 347 347 347 347 347 347 347 347 347 347 347 347 347 174 174 174 174 174 174 174 174 174 174 174 174 174 174 174 174 174 174 174 174 174 174 174 174 174 174 174 174 174 174 174 174 174 174 174 174 174 174 174 262 262 262 262 262 262 262 383 376 383 383 383 383 383 383 383 
262 383 383 383 383 383 383 383 376 383 383 383 376 383 383 383 383 383 383 383 383 544 376 376 376 376 383 383 383 383 383 383 383 376 376 383 383 383 383 383 383 383 383 383 383 376 376 376 376 376 376 376 376 383 383 174 174 174 174 174 174 174 174 174 174 174 174 174 174 174 174 174 347 347 347 347 347 347 347 347 347 347 347 347 347 347 347 347 347 347 347 347 347 347 347 347 347 174 174 174 174 174 174 174 174 174 174 174 174 174 174 174 174 174 174 174 174 174 174 174 174 174 174 174 174 174 174 174 174 174 174 174 174 174 262 262 262 262 262 262 262 383 383 383 383 383 383 383 383 383 
262 262 383 383 383 383 383 383 376 383 383 383 383 376 383 383 383 383 383 383 383 383 544 383 383 383 383 383 383 383 383 383 383 376 383 383 383 383 383 383 383 383 383 383 383 376 376 376 376 262 376 376 376 376 376 383 174 174 174 174 174 174 174 174 174 174 174 174 174 174 174 174 347 347 347 347 347 347 347 347 347 347 347 347 347 347 347 347 347 347 347 347 347 347 347 347 347 347 174 174 174 174 174 174 174 174 174 174 174 174 174 174 174 174 174 174 174 174 174 174 174 174 174 174 174 174 174 174 174 174 174 174 174 174 262 262 262 262 262 262 262 383 383 383 383 383 383 383 383 383 
262 262 383 383 383 383 383 383 376 383 383 383 383 383 383 383 383 383 383 383 383 383 376 376 376 376 376 376 376 383 383 383 383 383 383 383 383 383 383 376 376 383 383 383 383 376 376 376 376 262 376 376 376 376 376 376 383 174 174 174 174 174 174 174 174 174 174 174 174 174 174 174 347 347 347 347 347 347 347 347 347 347 347 347 347 347 347 347 347 347 347 347 347 347 347 347 347 347 347 174 174 174 174 174 174 174 174 174 174 174 174 174 174 174 174 174 174 174 174 174 174 174 174 174 174 174 174 174 174 174 174 174 174 174 174 262 262 262 262 262 383 383 383 383 383 383 383 383 383 383 
262 262 262 383 383 383 383 383 383 376 383 383 383 383 383 383 383 383 376 383 383 383 262 174 174 174 174 174 174 376 376 376 383 383 383 383 383 383 383 376 376 376 383 383 383 383 376 376 376 262 262 262 376 376 376 376 376 383 174 174 174 174 174 174 174 174 174 174 174 174 174 174 347 347 347 347 347 347 347 347 347 347 347 347 347 347 347 347 347 347 347 347 347 347 347 347 347 347 347 347 174 174 174 174 174 174 174 174 174 174 174 174 174 174 174 174 174 174 174 174 174 174 174 174 174 174 174 174 174 174 174 174 174 174 174 174 262 262 262 383 383 383 383 383 383 383 383 383 383 383 
262 262 262 383 383 383 383 383 383 383 383 383 383 383 383 383 383 383 376 383 383 383 262 174 174 174 174 174 174 174 174 174 376 376 383 383 383 383 383 383 376 376 376 383 383 383 383 376 376 376 262 262 376 376 262 376 376 376 376 376 174 174 174 174 174 174 174 174 174 174 174 174 347 347 347 347 347 347 347 347 347 347 347 347 347 347 347 347 347 347 347 347 347 347 347 347 347 347 347 347 347 174 174 174 174 174 174 174 174 174 174 174 174 174 174 174 174 174 174 174 174 174 174 174 174 174 174 174 174 174 174 174 174 174 174 174 262 262 262 383 383 383 383 383 376 376 383 383 383 383 
262 262 262 262 383 383 383 383 383 383 383 383 383 383 383 383 383 376 383 383 383 383 262 174 174 174 174 174 174 174 174 174 174 174 376 376 376 376 544 544 544 544 544 544 544 544 383 383 376 376 376 376 376 376 262 376 376 376 376 376 174 174 174 174 174 174 174 174 174 174 174 174 174 347 347 347 347 347 347 347 347 347 347 347 347 347 347 347 347 347 347 347 347 347 347 347 347 347 347 347 347 347 174 174 174 174 174 174 174 174 174 174 174 174 174 174 174 174 174 174 174 174 174 174 174 174 174 174 174 174 174 174 174 174 174 174 262 262 383 383 383 383 383 383 376 383 383 383 383 383 
262 262 262 262 383 383 383 383 383 383 383 383 383 383 383 383 383 383 383 383 383 383 262 174 174 174 174 174 174 174 174 174 174 174 174 174 174 174 376 376 376 544 544 544 544 544 544 544 544 376 376 376 376 376 262 376 376 376 376 376 376 174 174 174 174 174 174 174 174 174 174 174 174 347 347 347 347 347 347 347 347 347 347 347 347 347 347 347 174 174 174 174 174 347 347 347 347 347 347 347 347 347 347 174 174 174 174 174 174 174 174 174 174 174 174 174 174 174 174 174 174 174 174 174 174 174 174 174 174 174 174 174 174 174 174 174 174 262 262 383 383 383 383 383 376 383 383 383 383 383 
376 262 262 262 262 383 383 383 383 383 383 383 383 383 383 383 383 383 383 383 383 383 262 174 174 174 174 174 174 174 174 174 174 174 174 174 174 174 174 174 174 376 376 376 544 544 544 544 544 544 376 376 376 376 376 376 376 376 376 376 376 174 174 174 174 174 174 174 174 174 174 174 174 174 347 347 347 347 347 347 347 347 347 347 347 347 174 174 174 174 174 174 174 174 347 347 347 347 347 347 347 347 347 347 174 174 174 174 174 174 174 174 174 174 174 174 174 174 174 174 174 174 174 174 174 174 174 174 174 174 174 174 174 174 174 174 174 262 262 262 383 383 383 383 383 383 383 383 383 383 
376 262 262 262 262 262 383 383 383 383 383 383 383 383 383 383 383 383 383 383 383 262 262 262 174 174 174 174 174 174 174 174 174 174 174 174 174 174 174 174 174 174 174 174 174 376 376 544 544 544 544 544 376 376 376 376 376 376 376 376 376 376 174 174 174 174 174 174 174 174 174 174 174 174 347 347 347 347 347 347 347 347 347 347 174 174 174 174 174 174 174 174 174 174 174 347 347 347 347 347 347 347 347 347 174 174 174 174 174 174 174 174 174 174 174 174 174 174 174 174 174 174 174 174 174 174 174 174 174 174 174 174 174 174 174 174 174 262 262 262 383 383 383 383 383 383 383 383 383 383 
376 376 262 262 262 262 262 383 383 383 383 383 383 383 383 383 383 383 383 383 376 376 262 262 174 174 174 174 174 174 174 174 174 174 174 174 174 174 174 174 174 174 174 174 174 174 376 262 544 544 544 544 544 544 262 376 376 376 262 262 376 376 376 174 174 174 174 174 174 174 174 174 174 174 347 347 347 347 347 347 347 347 347 174 174 174 174 174 174 174 174 174 174 174 174 174 347 347 347 347 347 347 347 347 347 174 174 174 174 174 174 174 174 174 174 174 174 174 174 174 174 174 174 174 174 174 174 174 174 174 174 174 174 174 174 174 174 262 262 383 383 383 383 383 383 383 383 383 383 262 
376 376 376 262 262 262 262 262 262 383 383 383 383 383 383 376 383 383 383 383 376 376 262 262 174 174 174 174 174 174 174 174 174 174 174 174 174 174 174 174 174 174 174 174 174 174 376 376 262 544 544 544 544 544 544 262 262 262 262 262 262 376 376 174 174 174 174 174 174 174 174 174 174 347 347 347 347 347 347 347 347 347 174 174 174 174 174 174 174 174 174 174 174 174 174 174 174 347 347 347 347 347 347 347 347 174 174 174 174 174 174 174 174 174 174 174 174 174 174 174 174 174 174 174 174 174 174 174 174 174 174 174 174 174 174 174 174 262 262 383 383 383 383 383 383 383 383 383 383 262 
376 376 376 376 262 262 262 262 262 262 383 383 383 383 383 383 383 383 383 383 376 376 262 262 174 174 174 174 174 174 174 174 174 174 174 174 174 174 174 174 174 174 174 174 174 174 174 376 376 544 544 544 544 544 544 544 262 262 262 262 262 262 376 376 174 174 174 174 174 174 174 174 174 347 347 347 347 347 347 347 347 174 174 174 174 174 174 174 174 174 174 174 174 174 174 174 174 347 347 347 347 347 347 347 347 347 174 174 174 174 174 174 174 174 174 174 174 174 174 174 174 174 174 174 174 174 174 174 174 174 174 174 174 174 174 174 174 262 262 383 383 383 383 383 383 383 383 383 262 262 
376 376 376 376 376 262 262 262 262 262 383 383 383 383 383 383 383 383 383 383 376 376 262 262 174 174 174 174 174 174 174 174 174 174 174 174 174 174 174 174 174 174 174 174 174 174 174 174 376 262 544 544 544 544 544 544 544 262 262 262 262 262 376 376 174 174 174 174 174 174 174 174 347 347 347 347 347 347 347 347 347 174 174 174 174 174 174 174 174 174 174 174 174 174 174 174 174 174 347 347 347 347 347 347 347 347 174 174 174 174 174 174 174 174 174 174 174 174 174 174 174 174 174 174 174 174 174 174 174 174 174 174 174 174 174 174 174 262 262 383 383 383 383 383 383 383 383 383 262 262 
383 376 376 376 376 262 262 262 262 262 383 383 383 383 383 383 383 383 383 383 376 376 262 262 174 174 174 174 174 174 174 174 174 174 174 174 174 174 174 174 174 174 174 174 174 174 174 174 174 376 262 544 544 544 544 544 544 544 262 262 262 262 262 376 376 174 174 174 174 174 174 347 347 347 347 347 347 347 347 347 174 174 174 174 174 174 174 174 174 174 174 174 174 174 174 174 174 174 174 347 347 347 347 347 347 347 347 174 174 174 174 174 174 174 174 174 174 174 174 174 174 174 174 174 174 174 174 174 174 174 174 174 174 174 174 174 262 262 262 383 383 383 383 383 383 383 383 262 262 262 
383 376 376 376 376 376 262 262 262 262 383 383 383 383 383 383 383 383 383 383 376 376 262 262 174 174 174 174 174 174 174 174 174 174 174 174 174 174 174 174 174 174 174 174 174 174 174 174 174 376 376 262 544 544 544 544 544 544 262 262 262 262 262 376 376 174 174 174 174 347 347 347 347 347 347 347 347 347 347 347 174 174 174 174 174 174 174 174 174 174 174 174 174 174 174 174 174 174 174 347 347 347 347 347 347 347 347 174 174 174 174 174 174 174 174 174 174 174 174 174 174 174 174 174 174 174 174 174 174 174 174 174 174 174 174 174 262 262 262 383 383 383 376 376 376 383 383 262 262 262 
383 376 376 376 376 376 262 262 262 383 383 383 383 383 383 376 383 383 383 383 376 376 262 262 174 174 174 174 174 174 174 174 174 174 174 174 174 174 174 174 174 174 174 174 174 174 174 174 174 174 376 376 262 544 544 544 544 544 544 262 262 262 262 262 376 174 174 347 347 347 347 347 347 347 347 347 347 347 347 174 174 174 174 174 174 174 174 174 174 174 174 174 174 174 174 174 174 174 174 174 347 347 347 347 347 347 347 347 174 174 174 174 174 174 174 174 174 174 174 174 174 174 174 174 174 174 174 174 174 174 174 174 174 174 174 174 262 262 383 383 383 383 383 383 383 383 383 262 262 262 
383 383 376 376 376 376 376 262 262 383 383 383 383 383 383 376 383 383 383 383 376 376 262 262 174 174 174 174 174 174 174 174 174 174 174 174 174 174 174 174 174 174 174 174 174 174 174 174 174 174 174 376 262 262 544 544 544 544 544 262 262 262 262 262 267 267 347 347 347 347 347 347 347 347 347 347 347 347 174 174 174 174 174 174 174 174 174 174 174 174 174 174 174 174 174 174 174 174 174 174 347 347 347 347 347 347 347 347 174 174 174 174 174 174 174 174 174 174 174 174 174 174 174 174 174 174 174 174 174 174 174 174 174 174 174 174 262 262 383 383 383 383 383 383 383 383 383 262 262 262 
383 383 376 376 376 376 376 262 262 383 383 383 383 383 383 383 383 383 383 383 376 376 262 262 174 174 174 174 174 174 174 174 174 174 174 174 174 174 174 174 174 174 174 174 174 174 174 174 174 174 174 376 376 262 544 544 544 544 544 544 262 267 267 267 358 358 358 347 347 347 347 347 347 347 347 347 347 174 174 174 174 174 174 174 174 174 174 174 174 174 174 174 174 174 174 174 174 174 174 174 347 347 347 347 347 347 347 347 174 174 174 174 174 174 174 174 174 174 174 174 174 174 174 174 174 174 174 174 174 174 174 174 174 174 174 174 262 262 383 383 383 383 383 383 383 383 383 262 262 262 
383 383 383 376 376 376 376 376 376 383 383 383 383 383 383 383 383 383 383 376 376 376 262 262 174 174 174 174 174 174 174 174 174 174 174 174 174 174 174 174 174 174 174 174 174 174 174 174 174 174 174 174 376 262 544 544 544 544 544 267 267 358 358 358 358 358 358 347 347 347 347 347 347 347 347 347 174 174 174 174 174 174 174 174 174 174 174 174 174 174 174 174 174 174 174 174 174 174 174 174 174 347 347 347 347 347 347 347 347 174 174 174 174 174 174 174 174 174 174 174 174 174 174 174 174 174 174 174 174 174 174 174 174 174 174 174 262 262 383 383 383 383 383 383 383 383 383 262 262 262 
383 383 383 376 376 376 376 376 376 383 383 383 383 383 383 383 383 383 376 376 376 376 376 262 262 174 174 174 174 174 174 174 174 174 174 174 174 174 174 174 174 174 174 174 174 174 174 174 174 174 174 174 376 262 544 544 267 267 267 358 358 358 358 358 358 358 358 358 347 347 347 347 347 347 174 174 174 174 174 174 174 174 174 174 174 174 174 174 174 174 174 174 174 174 174 174 174 174 174 174 174 347 347 347 347 347 347 347 347 174 174 174 174 174 174 174 174 174 174 174 174 174 174 174 174 174 174 174 174 174 174 174 174 174 174 174 262 262 383 383 383 383 383 383 383 383 262 262 262 262 
383 383 383 376 376 376 376 376 376 383 383 376 376 383 383 383 383 383 376 376 376 262 376 262 262 174 174 174 174 174 174 174 174 174 174 174 174 174 174 174 174 174 174 174 174 174 174 174 174 174 174 174 174 267 267 267 358 358 358 358 358 358 358 358 358 358 358 358 347 347 347 347 347 174 174 174 174 174 174 174 174 174 174 174 174 174 174 174 174 174 174 174 174 174 174 174 174 174 174 174 174 347 347 347 347 347 347 347 347 347 174 174 174 174 174 174 174 174 174 174 174 174 174 174 174 174 174 174 174 174 174 174 174 174 174 262 262 262 383 383 383 383 383 383 383 262 262 262 262 262 
383 383 383 376 376 376 376 376 376 383 383 383 383 383 383 383 383 383 376 376 376 262 376 262 262 174 174 174 174 174 174 174 174 174 174 174 174 174 174 174 174 174 174 174 174 174 174 174 174 174 347 347 347 358 358 358 358 358 358 358 358 358 358 358 358 358 358 358 358 347 347 347 174 174 174 174 174 174 174 174 174 174 174 174 174 174 174 174 174 174 174 174 174 174 174 174 174 174 174 174 174 174 347 347 347 347 347 347 347 347 174 174 174 174 174 174 174 174 174 174 174 174 174 174 174 174 174 174 174 174 174 174 174 174 174 262 262 383 383 383 383 383 383 383 383 262 262 262 262 262 
383 383 383 376 376 376 376 376 383 383 383 383 383 383 383 383 383 262 376 376 376 376 376 262 262 174 174 174 174 174 174 174 174 174 174 174 174 174 174 174 174 174 174 174 174 174 174 347 347 347 347 347 347 358 358 358 358 358 358 358 358 358 358 358 358 358 358 358 358 267 174 174 174 174 174 174 174 174 174 174 174 174 174 174 174 174 174 174 174 174 174 174 174 174 174 174 174 174 174 174 174 174 347 347 347 347 347 347 347 347 347 174 174 174 174 174 174 174 174 174 174 174 174 174 174 174 174 174 174 174 174 174 174 174 174 262 262 383 383 383 383 383 383 383 262 262 262 262 262 376 
383 383 383 376 376 376 376 376 383 383 383 383 383 383 383 383 383 262 376 376 376 376 376 262 262 174 174 174 174 174 174 174 174 174 174 174 174 174 174 174 174 174 174 174 174 347 347 347 347 347 347 347 347 358 358 358 358 358 358 358 358 358 358 358 358 358 358 267 267 376 174 174 174 174 174 174 174 174 174 174 174 174 174 174 174 174 174 174 174 174 174 174 174 174 174 174 174 174 174 174 174 174 174 347 347 347 347 347 347 347 347 174 174 174 174 174 174 174 174 174 174 174 174 174 174 174 174 174 174 174 174 174 174 174 174 262 262 383 383 376 376 383 383 383 262 262 262 262 262 376 
383 383 383 376 376 376 376 383 383 383 383 383 383 383 383 383 383 262 376 376 376 376 376 262 262 174 174 174 174 174 174 174 174 174 174 174 174 174 174 174 174 174 174 174 347 347 347 347 347 347 347 347 347 347 358 358 358 358 358 358 358 358 358 358 267 267 267 358 358 376 174 174 174 174 174 174 174 174 174 174 174 174 174 174 174 174 174 174 174 174 174 174 174 174 174 174 174 174 174 174 174 174 174 347 347 347 347 347 347 347 347 347 174 174 174 174 174 174 174 174 174 174 174 174 174 174 174 174 174 174 174 174 174 174 174 383 383 383 383 383 376 383 383 383 262 262 262 262 376 376 
383 383 376 376 376 376 376 383 383 383 383 383 383 383 383 383 383 262 376 376 262 376 376 262 174 174 174 174 174 174 174 174 174 174 174 174 174 174 174 174 174 174 347 347 347 347 347 347 347 347 347 347 347 347 358 358 358 358 358 358 358 358 267 267 358 358 358 358 358 376 383 174 174 174 174 174 174 174 174 174 174 174 174 174 174 174 174 174 174 174 174 174 174 174 174 174 174 174 174 174 174 174 174 174 347 347 347 347 347 347 347 347 174 174 174 174 174 174 174 174 174 174 174 174 174 174 174 174 174 174 174 174 174 174 174 383 383 383 383 383 376 383 383 383 262 262 262 262 376 376 
383 383 376 376 376 376 376 383 383 383 383 383 383 383 383 383 383 262 376 376 262 376 376 262 174 174 174 174 174 174 174 174 174 174 174 174 174 174 174 174 347 347 347 347 347 347 347 347 347 347 347 347 347 347 358 358 358 358 358 267 267 267 544 262 262 262 262 358 358 376 376 383 174 174 174 174 174 174 174 174 174 174 174 174 174 174 174 174 174 174 174 174 174 174 174 174 174 174 174 174 174 174 174 174 347 347 347 347 347 347 347 347 347 174 174 174 174 174 174 174 174 174 174 174 174 174 174 174 174 174 174 174 174 174 383 383 383 383 383 383 376 383 383 262 262 262 262 262 376 376 
383 383 376 376 376 376 376 383 383 383 383 383 383 383 383 383 383 262 376 376 262 376 262 174 174 174 174 174 174 174 174 174 174 174 174 174 174 174 347 347 347 347 347 347 347 347 347 347 347 347 347 347 347 347 347 267 267 267 267 358 358 544 544 544 262 262 262 262 358 376 376 383 383 383 174 383 174 174 174 174 174 174 174 174 174 174 174 174 174 174 174 174 174 174 174 174 174 174 174 174 174 174 174 174 174 347 347 347 347 347 347 347 347 347 174 174 174 174 174 174 174 174 174 174 174 174 174 174 174 174 174 174 174 174 383 383 383 383 383 383 383 383 383 262 262 262 262 376 376 376 
383 383 376 376 376 376 383 383 383 383 383 383 383 383 383 383 262 262 376 376 376 376 262 174 174 174 174 174 174 174 174 174 174 174 174 174 174 347 347 347 347 347 347 347 347 347 347 347 347 347 347 347 174 174 174 376 358 358 358 358 544 544 544 544 262 262 262 262 376 376 376 383 383 383 383 383 383 174 174 174 174 174 174 174 174 174 174 174 174 174 174 174 174 174 174 174 174 174 174 174 174 174 174 174 174 174 347 347 347 347 347 347 347 347 347 174 174 174 174 174 174 174 174 174 174 174 174 174 174 174 174 174 174 174 383 383 383 383 383 383 383 383 383 262 262 262 262 376 376 376 
383 383 376 376 376 376 383 383 383 383 383 383 383 383 383 383 383 262 376 376 376 376 174 174 174 174 174 174 174 174 174 174 174 174 174 347 347 347 347 347 347 347 347 347 347 347 347 347 347 347 174 174 174 174 174 376 358 358 358 544 544 544 544 544 544 262 262 262 376 376 376 383 383 383 383 383 383 383 383 174 174 174 174 174 174 174 174 174 174 174 174 174 174 174 174 174 174 174 174 174 174 174 174 174 174 174 347 347 347 347 347 347 347 347 347 174 174 174 174 174 174 174 174 174 174 174 174 174 174 174 174 174 174 376 383 383 383 383 383 383 383 383 383 262 262 262 262 376 376 376 
383 383 376 376 376 376 383 383 383 383 383 383 383 383 383 383 383 262 376 262 376 174 174 174 174 174 174 174 174 174 174 174 174 174 347 347 347 347 347 347 347 347 347 347 347 347 347 347 174 174 174 174 174 174 174 376 376 358 262 544 544 544 544 544 544 262 262 376 376 376 376 383 383 383 383 383 383 383 383 383 383 383 383 174 174 174 174 174 174 174 174 174 174 174 174 174 174 174 174 174 174 174 174 174 174 174 174 347 347 347 347 347 347 347 347 347 174 174 174 174 174 174 174 174 174 174 174 174 174 174 174 174 174 376 383 383 383 383 383 383 383 383 383 262 262 262 262 376 376 376 
383 383 376 376 376 376 383 383 383 383 383 383 376 383 383 383 262 262 376 376 174 174 174 174 174 174 174 174 174 174 174 174 174 347 347 347 347 347 347 347 347 347 347 347 347 347 174 174 174 174 174 174 174 174 174 376 376 358 262 544 544 544 544 544 544 262 262 262 262 376 376 383 383 383 376 376 383 383 383 383 383 376 376 376 174 174 174 174 174 174 174 174 174 174 174 174 174 174 174 174 174 174 174 174 174 174 174 174 347 347 347 347 347 347 347 347 347 174 174 174 174 174 174 174 174 174 174 174 174 174 174 174 174 376 376 383 383 383 383 383 383 383 383 383 262 262 262 376 376 376 
383 383 376 376 376 376 383 383 383 383 383 383 383 376 383 383 262 262 376 376 174 174 174 174 174 174 174 174 174 174 174 174 347 347 347 347 347 347 347 347 347 347 347 347 347 174 174 174 174 174 174 174 174 174 174 376 376 262 262 544 544 544 544 544 544 544 376 262 376 376 376 383 383 376 376 383 383 383 383 383 376 376 376 376 376 376 174 174 174 174 174 174 174 174 174 174 174 174 174 174 174 174 174 174 174 174 174 174 174 347 347 347 347 347 347 347 347 347 174 174 174 174 174 174 174 174 174 174 174 174 174 174 174 262 376 383 383 383 383 383 383 383 383 383 383 262 262 376 376 376 
383 383 376 376 376 376 383 383 383 383 383 383 383 383 376 383 262 262 262 376 174 174 174 174 174 174 174 174 174 174 174 347 347 347 347 347 347 347 347 347 347 347 174 174 174 174 174 174 174 174 174 174 174 174 174 383 376 262 262 544 544 544 544 544 544 544 376 376 376 376 376 383 383 383 383 383 383 383 383 383 383 376 376 376 376 376 376 376 174 174 174 174 174 174 174 174 174 174 174 174 174 174 174 174 174 174 174 174 174 347 347 347 347 347 347 347 347 347 347 347 174 174 174 174 174 174 174 174 174 174 174 174 174 262 262 383 383 383 383 376 376 383 383 383 383 262 262 376 376 376 
383 383 376 376 376 376 383 383 383 383 383 383 383 383 383 383 262 262 262 174 174 174 174 174 174 174 174 174 174 174 347 347 347 347 347 347 347 347 347 347 174 174 174 174 174 174 174 174 174 174 174 174 174 174 174 383 376 262 262 544 544 544 544 544 544 544 544 376 376 376 376 383 383 383 383 383 376 376 383 383 383 383 376 376 376 262 262 376 376 174 174 174 174 174 174 174 174 174 174 174 174 174 174 174 174 174 174 174 174 174 347 347 347 347 347 347 347 347 347 347 347 347 347 347 347 174 174 174 174 174 174 174 174 262 262 376 383 383 383 383 376 383 383 383 383 262 262 262 376 376 
383 383 376 376 376 376 383 383 383 383 383 383 383 383 383 383 383 262 262 174 174 174 174 174 174 174 174 174 174 347 347 347 347 347 347 347 347 347 347 174 174 174 174 174 174 174 174 174 174 174 174 174 174 174 383 383 376 376 262 544 544 544 544 544 544 544 544 376 376 376 383 383 383 383 383 383 376 383 383 383 383 383 383 376 376 376 376 376 376 376 376 174 174 174 174 174 174 174 174 174 174 174 174 174 174 174 174 174 174 174 174 347 347 347 347 347 347 347 347 347 347 347 347 347 347 347 174 174 174 174 174 174 174 262 262 376 383 383 383 383 376 383 383 383 383 262 376 262 376 376 
383 376 376 376 376 383 383 383 383 383 383 383 383 383 383 383 383 262 262 174 174 174 174 174 174 174 174 174 174 347 347 347 347 347 347 347 347 347 174 174 174 174 174 174 174 174 174 174 174 174 174 174 174 174 383 383 376 376 262 544 544 544 544 544 544 544 544 544 376 376 383 383 376 383 383 376 383 383 383 383 376 383 383 383 383 383 383 376 376 376 376 376 174 174 174 174 174 174 174 174 174 174 174 174 174 174 174 174 174 174 174 174 347 347 347 347 347 347 347 347 347 347 347 347 347 347 347 174 174 174 174 174 174 262 262 376 383 383 383 383 383 383 383 383 383 262 376 262 376 376 
383 376 376 376 376 383 383 383 376 376 383 383 383 383 383 383 383 262 262 174 174 174 174 174 174 174 174 174 347 347 347 347 347 347 347 347 347 174 174 174 174 174 174 174 174 174 174 174 174 174 174 174 174 174 383 383 376 376 262 544 544 544 544 544 544 544 544 544 376 383 383 383 376 376 383 376 383 383 383 383 383 544 544 544 544 544 544 544 544 544 376 376 174 174 174 174 174 174 174 174 174 174 174 174 174 174 174 174 174 174 174 174 174 347 347 347 347 347 347 347 347 347 347 347 347 347 347 347 174 174 174 174 174 262 262 376 376 383 383 383 383 376 383 383 383 262 376 262 376 376 
376 376 376 376 383 383 383 383 383 383 383 383 383 383 383 383 383 262 262 174 174 174 174 174 174 174 174 347 347 347 347 347 347 347 347 347 174 174 174 174 174 174 174 174 174 174 174 174 174 174 174 174 174 383 383 383 376 376 262 544 544 544 544 544 544 544 544 544 544 383 383 383 376 383 383 383 383 383 383 544 544 544 544 544 544 544 544 544 544 544 544 376 376 174 174 174 174 174 174 174 174 174 174 174 174 174 174 174 174 174 174 174 174 174 347 347 347 347 347 347 347 347 347 347 347 347 347 347 347 174 174 174 174 262 262 376 376 383 383 383 383 376 383 383 383 262 376 376 376 376 
376 383 376 383 383 383 383 383 383 383 383 383 383 383 383 383 383 376 262 174 174 174 174 174 174 174 347 347 347 347 347 347 347 347 347 174 174 174 174 174 174 174 174 174 174 174 174 174 174 174 174 174 174 383 383 383 376 376 376 544 544 544 544 544 544 544 544 544 544 544 544 383 376 383 383 383 383 544 544 544 544 544 544 544 544 544 544 544 544 544 544 544 376 376 174 174 174 174 174 174 174 174 174 174 174 174 174 174 174 174 174 174 174 174 174 347 347 347 347 347 347 347 347 347 347 347 347 347 347 174 174 174 174 262 376 376 376 383 383 383 383 383 383 383 262 262 376 376 376 376 
376 376 376 383 383 383 383 383 383 383 383 383 383 383 383 383 383 376 262 174 174 174 174 174 174 174 347 347 347 347 347 347 347 347 347 174 174 174 174 174 174 174 174 174 174 174 174 174 174 174 174 174 383 376 376 383 376 376 376 544 544 544 544 544 544 544 544 544 544 544 544 544 544 544 544 544 544 544 544 544 544 544 544 544 544 544 544 544 544 544 544 544 544 376 174 174 174 174 174 174 174 174 174 174 174 174 174 174 174 174 174 174 174 174 174 174 347 347 347 347 347 347 347 347 347 347 347 347 347 174 174 174 174 262 376 376 376 376 383 383 383 383 383 383 262 376 376 376 376 376 
376 376 383 383 383 383 383 383 383 383 383 383 383 383 383 383 383 376 262 174 174 174 174 174 174 347 347 347 347 347 347 347 347 347 174 174 174 174 174 174 174 174 174 174 174 174 174 174 174 174 174 174 383 383 376 383 376 376 376 544 544 544 544 544 544 544 544 544 544 544 544 544 544 544 544 544 544 544 544 544 544 544 544 544 544 544 544 544 544 544 544 544 544 544 376 174 174 174 174 174 174 174 174 174 174 174 174 174 174 174 174 174 174 174 174 174 174 174 347 347 347 347 347 347 347 347 347 347 347 174 174 174 174 376 376 376 376 376 383 383 383 383 383 383 262 376 376 376 376 376 
376 383 383 383 383 383 383 383 383 383 383 383 383 383 383 383 376 262 174 174 174 174 174 174 174 347 347 347 347 347 347 347 347 174 174 174 174 174 174 174 174 174 174 174 174 174 174 174 174 174 174 376 383 383 383 383 376 376 376 544 544 544 544 544 544 544 544 544 544 544 544 544 544 544 544 544 544 544 544 544 544 544 544 544 544 544 544 544 544 544 544 544 544 544 376 174 174 174 174 174 174 174 174 174 174 174 174 174 174 174 174 174 174 174 174 174 174 174 347 347 347 347 347 347 347 347 347 347 347 174 174 174 174 376 376 376 376 376 383 383 383 383 383 383 262 376 376 376 376 376 
376 383 383 383 383 383 383 383 383 383 383 383 383 383 383 383 376 262 174 174 174 174 174 174 174 347 347 347 347 347 347 347 347 174 174 174 174 174 174 174 174 174 174 174 174 174 174 174 174 174 376 376 376 383 383 383 376 376 376 544 544 544 544 544 544 544 544 544 544 544 544 544 544 544 544 544 544 544 544 544 544 544 544 544 544 544 544 544 544 544 544 544 544 544 544 174 174 174 174 174 174 174 174 174 174 174 174 174 174 174 174 174 174 174 174 174 174 174 174 347 347 347 347 347 347 347 347 347 347 174 174 174 174 376 262 376 376 376 383 383 383 383 383 383 262 376 376 376 376 376 
383 383 383 383 383 383 383 383 383 383 383 383 383 383 383 383 376 262 174 174 174 174 174 174 174 347 347 347 347 347 347 347 174 174 174 174 174 174 174 174 174 174 174 174 174 174 174 174 174 174 376 376 376 383 383 383 383 376 376 544 544 544 544 544 544 544 544 544 544 544 544 544 544 544 544 544 544 544 544 544 544 544 544 544 544 544 544 544 544 544 544 544 544 544 544 174 174 174 174 174 174 174 174 174 174 174 174 174 174 174 174 174 174 174 174 174 174 174 174 347 347 347 347 347 347 347 347 347 174 174 174 174 174 376 262 376 376 376 383 383 383 383 383 383 262 376 376 262 376 376 
383 383 383 383 376 383 383 383 383 383 383 383 383 383 383 383 376 262 174 174 174 174 174 174 347 347 347 347 347 347 347 347 174 174 174 174 174 174 174 174 174 174 174 174 174 174 174 174 174 376 376 376 376 383 383 383 383 383 544 544 544 544 544 544 544 544 544 544 544 544 544 544 544 544 544 544 544 544 544 544 544 544 544 544 544 544 544 544 544 544 544 544 544 544 544 174 174 174 174 174 174 174 174 174 174 174 174 174 174 174 174 174 174 174 174 174 174 174 174 174 347 347 347 347 347 347 174 174 174 174 174 174 174 376 262 376 376 376 383 383 383 383 383 383 376 376 376 376 262 376 
383 383 383 383 383 383 383 383 383 383 383 383 383 383 383 383 376 262 174 174 174 174 174 174 347 347 347 347 347 347 347 347 174 174 174 174 174 174 174 174 174 174 174 174 174 174 174 174 174 376 376 376 376 383 383 376 383 544 544 544 544 544 544 544 544 544 544 544 544 544 544 544 544 544 544 544 544 544 544 544 544 544 544 544 544 544 544 544 544 544 544 544 544 544 544 174 174 174 174 174 174 174 174 174 174 174 174 174 174 174 174 174 174 174 174 174 174 174 174 174 174 174 174 174 174 174 174 174 174 174 174 174 174 376 376 376 376 262 383 383 383 383 383 383 376 376 376 376 376 376 
383 383 383 383 383 383 383 383 383 383 383 383 383 383 383 383 383 383 174 174 174 174 174 174 347 347 347 347 347 347 347 347 174 174 174 174 174 174 174 174 174 174 174 174 174 174 174 174 174 376 376 376 383 383 383 376 376 544 544 544 544 544 544 544 544 544 544 544 544 544 544 544 544 544 544 544 544 544 544 544 544 544 544 544 544 544 544 544 544 544 544 544 544 544 544 174 174 174 174 174 174 174 174 174 174 174 174 174 174 174 174 174 174 174 174 174 174 174 174 174 174 174 174 174 174 174 174 174 174 174 174 174 174 376 376 376 376 262 383 383 383 383 383 383 376 376 376 376 376 376 
383 383 383 383 383 383 383 383 383 383 383 383 383 383 383 383 383 383 174 174 174 174 174 174 347 347 347 347 347 347 347 347 174 174 174 174 174 174 174 174 174 174 174 174 174 174 174 174 174 376 376 376 383 383 376 544 544 544 544 544 544 544 544 544 544 544 544 544 544 544 544 544 544 544 544 544 544 544 544 544 544 544 544 544 544 544 544 544 544 544 544 544 544 544 544 174 174 174 174 174 174 174 174 174 174 174 174 174 174 174 174 174 174 174 174 174 174 174 174 174 174 174 174 174 174 174 174 174 174 174 174 174 174 376 376 376 262 262 383 383 383 383 383 383 376 376 376 376 376 376 
383 383 383 383 383 383 383 383 383 383 383 383 383 383 383 383 383 383 174 174 174 174 174 174 347 347 347 347 347 347 347 347 174 174 174 174 174 174 174 174 174 174 174 174 174 174 174 174 174 376 376 376 383 383 544 544 544 544 544 544 544 544 544 544 544 544 544 544 544 544 544 544 544 544 544 544 544 544 544 544 544 544 544 544 544 544 544 544 544 544 544 544 544 544 544 174 174 174 174 174 174 174 174 174 174 174 174 174 174 174 174 174 174 174 174 174 174 174 174 174 174 174 174 174 174 174 174 174 174 174 174 174 174 376 376 376 262 262 383 383 383 383 376 383 383 376 376 376 376 376 
383 383 383 383 383 383 383 383 383 383 383 383 383 383 383 383 383 383 174 174 174 174 174 174 347 347 347 347 347 347 347 347 174 174 174 174 174 174 174 174 174 174 174 174 174 174 174 174 174 376 376 376 383 544 544 544 544 544 544 544 544 544 544 544 544 544 544 544 544 544 544 544 544 544 544 544 544 544 544 544 544 544 544 544 544 544 544 544 544 544 544 544 544 544 544 544 174 174 174 174 174 174 174 174 174 174 174 174 174 174 174 174 174 174 174 174 174 174 174 174 174 174 174 174 174 174 174 174 174 174 174 174 174 376 376 376 262 383 383 383 383 376 376 383 383 376 376 376 376 262 
383 383 383 383 383 383 383 383 383 383 376 383 383 383 383 383 383 383 262 174 174 174 174 174 347 347 347 347 347 347 347 347 174 174 174 174 174 174 174 174 174 174 174 174 174 174 174 174 174 376 376 376 544 544 544 544 544 544 544 544 544 544 544 544 544 544 544 544 544 544 544 544 544 544 544 544 544 544 544 544 544 544 544 544 544 544 544 544 544 544 544 544 544 544 544 544 174 174 174 174 174 174 174 174 174 174 174 174 174 174 174 174 174 174 174 174 174 174 174 174 174 174 174 174 174 174 174 174 174 174 174 174 174 174 376 262 262 383 383 383 383 383 376 383 383 376 376 376 376 376 
383 383 376 383 383 383 383 383 383 383 376 383 383 383 383 383 383 383 262 174 174 174 174 174 347 347 347 347 347 347 347 347 174 174 174 174 174 174 174 174 174 174 174 174 174 174 174 174 174 376 376 544 544 544 544 544 544 544 544 544 544 544 544 544 544 544 544 544 544 544 544 544 544 544 544 544 544 544 544 544 544 544 544 544 544 544 544 544 544 544 544 544 544 544 544 544 544 174 174 174 174 174 174 174 174 174 174 174 174 174 174 174 174 174 174 174 174 174 174 174 174 174 174 174 174 174 174 174 174 174 174 174 174 174 376 262 262 383 383 383 383 383 376 383 383 383 376 376 376 376 
383 383 383 376 383 383 383 383 383 383 376 383 383 383 383 383 383 383 262 174 174 174 174 174 347 347 347 347 347 347 347 347 174 174 174 174 174 174 174 174 174 174 174 174 174 174 174 174 174 376 544 544 544 544 544 544 544 544 544 544 544 544 544 544 544 544 544 544 544 544 544 544 544 544 544 544 544 544 544 544 544 544 544 544 544 544 544 544 544 544 544 544 544 544 544 544 544 544 544 174 174 174 174 174 174 174 174 174 174 174 174 174 174 174 174 174 174 174 174 174 174 174 174 174 174 174 174 174 174 174 174 174 174 174 376 262 262 383 383 383 383 383 383 383 383 383 376 376 376 376 
383 383 383 383 383 383 383 383 383 383 376 383 383 383 383 383 383 383 262 174 174 174 174 174 347 347 347 347 347 347 347 347 174 174 174 174 174 174 174 174 174 174 174 174 174 174 174 174 174 376 544 544 544 544 544 544 544 544 544 544 544 544 544 544 544 544 544 544 544 544 544 544 544 544 544 544 544 544 544 544 544 544 544 544 544 544 544 544 544 544 544 544 544 544 544 544 544 544 544 544 544 544 174 174 174 174 174 174 174 174 174 174 174 174 174 174 174 174 174 174 174 174 174 174 174 174 174 174 174 174 174 174 174 174 376 262 262 383 383 383 383 383 383 383 383 383 376 376 376 376 
383 383 383 383 383 383 383 383 383 383 383 383 383 383 383 383 383 262 262 174 174 174 174 174 347 347 347 347 347 347 347 347 174 174 174 174 174 174 174 174 174 174 174 174 174 174 174 174 174 544 544 544 544 544 544 544 544 544 544 544 544 544 544 544 544 544 544 544 544 544 544 544 544 544 544 544 544 544 544 544 544 544 544 544 544 544 544 544 544 544 544 544 544 544 544 544 544 544 544 544 544 544 544 174 174 174 174 174 174 174 174 174 174 174 174 174 174 174 174 174 174 174 174 174 174 174 174 174 174 174 174 174 174 174 376 262 262 383 383 383 383 383 383 383 383 383 383 376 376 376 
383 383 383 383 383 383 383 383 383 383 383 383 383 383 383 383 383 262 174 174 174 174 174 174 347 347 347 347 347 347 347 174 174 174 174 174 174 174 174 174 174 174 174 174 174 174 174 174 174 544 544 544 544 544 544 544 544 544 544 544 544 544 544 544 544 544 544 544 544 544 544 544 544 544 544 544 544 544 544 544 544 544 544 544 544 544 544 544 544 544 544 544 544 544 544 544 544 544 544 544 544 544 544 544 544 174 174 174 174 174 174 174 174 174 174 174 174 174 174 174 174 174 174 174 174 174 174 174 174 174 174 174 174 174 262 262 262 383 383 383 383 383 383 383 383 383 383 376 376 376 
383 383 383 383 383 383 383 383 383 383 383 383 383 383 383 383 376 262 174 174 174 174 174 174 347 347 347 347 347 347 347 174 174 174 174 174 174 174 174 174 174 174 174 174 174 174 174 174 174 544 544 544 544 544 544 544 544 544 544 544 544 544 544 544 544 544 544 544 544 544 544 544 544 544 544 544 544 544 544 544 544 544 544 544 544 544 544 544 544 544 544 544 544 544 544 544 544 544 544 544 544 544 544 544 544 544 544 174 174 174 174 174 174 174 174 174 174 174 174 174 174 174 174 174 174 174 174 174 174 174 174 174 174 174 262 262 262 383 383 383 383 383 383 383 383 383 383 376 376 376 
383 383 383 383 383 383 383 383 383 383 383 383 383 383 383 383 376 376 174 174 174 174 174 174 347 347 347 347 347 347 347 174 174 174 174 174 174 174 174 174 174 174 174 174 174 174 174 174 174 544 544 544 544 544 544 544 544 544 544 544 544 544 544 544 544 544 544 544 544 544 544 544 544 544 544 544 544 544 544 544 544 544 544 544 544 544 544 544 544 544 544 544 544 544 544 544 544 544 544 544 544 544 544 544 544 544 544 544 174 174 174 174 174 174 174 174 174 174 174 174 174 174 174 174 174 174 174 174 174 174 174 174 174 174 262 262 262 383 383 383 383 383 383 383 383 383 383 376 376 376 
383 383 383 383 376 383 383 383 383 383 383 383 383 383 383 383 383 376 174 174 174 174 174 174 347 347 347 347 347 347 347 174 174 174 174 174 174 174 174 174 174 174 174 174 174 174 174 174 174 544 544 544 544 544 544 544 544 544 544 544 544 544 544 544 544 544 544 544 544 544 544 544 544 544 544 544 544 544 544 544 544 544 544 544 544 544 544 544 544 544 544 544 544 544 544 544 544 544 544 544 544 544 544 544 544 544 544 544 544 544 174 174 174 174 174 174 174 174 174 174 174 174 174 174 174 174 174 174 174 174 174 174 174 262 262 262 262 383 383 383 383 383 383 383 383 383 383 376 376 383 
383 383 383 383 376 383 383 383 383 383 383 383 383 383 383 383 376 376 262 174 174 174 174 174 347 347 347 347 347 347 347 174 174 174 174 174 174 174 174 174 174 174 174 174 174 174 174 174 174 544 544 544 544 544 544 544 544 544 544 544 544 544 544 544 544 544 544 544 544 544 544 544 544 544 544 544 544 544 544 544 544 544 544 544 544 544 544 544 544 544 544 544 544 544 544 544 544 544 544 544 544 544 544 544 544 544 544 544 544 544 544 174 174 174 174 174 174 174 174 174 174 174 174 174 174 174 174 174 174 174 174 174 174 262 262 262 262 383 383 383 383 383 383 383 383 383 383 376 376 383 
383 383 383 383 383 376 383 383 383 383 383 383 383 383 383 383 376 376 262 174 174 174 174 174 347 347 347 347 347 347 347 174 174 174 174 174 174 174 174 174 174 174 174 174 174 174 174 174 174 174 544 544 544 544 544 544 544 544 544 544 544 544 544 544 544 544 544 544 544 544 544 544 544 544 544 544 544 544 544 544 544 544 544 544 544 544 544 544 544 544 544 544 544 544 544 544 544 544 544 544 544 544 544 544 544 544 544 544 544 544 544 544 174 174 174 174 174 174 174 174 174 174 174 174 174 174 174 174 174 174 174 174 174 262 262 262 383 383 383 383 383 383 383 383 383 383 383 376 376 383 
262 383 383 383 383 383 383 383 383 383 383 383 383 383 383 383 376 262 262 174 174 174 174 174 347 347 347 347 347 347 347 174 174 174 174 174 174 174 174 174 174 174 174 174 174 174 174 174 174 544 544 544 544 544 544 544 544 544 544 544 544 544 544 544 544 544 544 544 544 544 544 544 544 544 544 544 544 544 544 544 544 544 544 544 544 544 544 544 544 544 544 544 544 544 544 544 544 544 544 544 544 544 544 544 544 544 544 544 544 544 544 544 174 174 174 174 174 174 174 174 174 174 174 174 174 174 174 174 174 174 174 174 174 262 262 383 383 383 383 383 383 383 383 383 383 383 383 376 376 383 
262 262 383 383 383 383 383 383 383 383 383 383 383 383 383 376 376 262 262 174 174 174 174 174 347 347 347 347 347 347 347 347 174 174 174 174 174 174 174 174 174 174 174 174 174 174 174 174 174 174 544 544 544 544 544 544 544 544 544 544 544 544 544 544 544 544 544 544 544 544 544 544 544 544 544 544 544 544 544 544 544 544 544 544 544 544 544 544 544 544 544 544 544 544 544 544 544 544 544 544 544 544 544 544 544 544 544 544 544 544 544 544 544 174 174 174 174 174 174 174 174 174 174 174 174 174 174 174 174 174 174 174 174 262 262 383 383 383 383 383 383 383 383 383 383 383 383 376 376 383 
262 262 262 383 383 383 383 383 383 383 383 383 383 383 383 376 376 262 174 174 174 174 174 174 347 347 347 347 347 347 347 347 174 174 174 174 174 174 174 174 174 174 174 174 174 174 174 174 174 174 544 544 544 544 544 544 544 544 544 544 544 544 544 544 544 544 544 544 544 544 544 544 544 544 544 544 544 544 544 544 544 544 544 544 544 544 544 544 544 544 544 544 544 544 544 544 544 544 544 544 544 544 544 544 544 544 544 544 544 544 544 544 544 174 174 174 174 174 174 174 174 174 174 174 174 174 174 174 174 174 174 174 174 262 383 383 383 383 383 383 383 376 376 383 383 383 383 376 376 383 
262 262 262 262 383 383 383 383 383 383 383 383 383 383 383 376 376 262 174 174 174 174 174 174 347 347 347 347 347 347 347 347 174 174 174 174 174 174 174 174 174 174 174 174 174 174 174 174 174 174 544 544 544 544 544 544 544 544 544 544 544 544 544 544 544 544 544 544 544 544 544 544 544 544 544 544 544 544 544 544 544 544 544 544 544 544 544 544 544 544 544 544 544 544 544 544 544 544 544 544 544 544 544 544 544 544 544 544 544 544 544 544 544 544 174 174 174 174 174 174 174 174 174 174 174 174 174 174 174 174 174 174 174 262 383 383 383 383 383 383 383 383 383 383 383 383 383 376 376 383 
262 262 262 262 262 262 383 383 383 383 383 383 383 383 383 376 376 262 174 174 174 174 174 174 174 347 347 347 347 347 347 347 174 174 174 174 174 174 174 174 174 174 174 174 174 174 174 174 174 174 544 544 544 544 544 544 544 544 544 544 544 544 544 544 544 544 544 544 544 544 544 544 544 544 544 544 544 544 544 544 544 544 544 544 544 544 544 544 544 544 544 544 544 544 544 544 544 544 544 544 544 544 544 544 544 544 544 544 544 544 544 544 544 544 174 174 174 174 174 174 174 174 174 174 174 174 174 174 174 174 174 174 262 383 383 383 383 383 383 383 383 383 383 383 383 383 383 376 376 383 
262 262 262 262 262 262 383 376 376 383 383 383 383 383 383 376 376 262 174 174 174 174 174 174 174 347 347 347 347 347 347 347 347 174 174 174 174 174 174 174 174 174 174 174 174 174 174 174 174 174 174 544 544 544 544 544 544 544 544 544 544 544 544 544 544 544 544 544 544 544 544 544 544 544 544 544 544 544 544 544 544 544 544 544 544 544 544 544 544 544 544 544 544 544 544 544 544 544 544 544 544 544 544 544 544 544 544 544 544 544 544 544 544 544 174 174 174 174 174 174 174 174 174 174 174 174 174 174 174 174 174 174 262 383 383 383 383 383 383 383 383 383 383 383 383 383 383 376 376 376 
262 262 262 262 262 262 383 383 383 376 383 383 383 383 383 376 376 262 174 174 174 174 174 174 174 347 347 347 347 347 347 347 347 347 174 174 174 174 174 174 174 174 174 174 174 174 174 174 174 174 174 544 544 544 544 544 544 544 544 544 544 544 544 544 544 544 544 544 544 544 544 544 544 544 544 544 544 544 544 544 544 544 544 544 544 544 544 544 544 544 544 544 544 544 544 544 544 544 544 544 544 544 544 544 544 544 544 544 544 544 544 544 544 544 174 174 174 174 174 174 174 174 174 174 174 174 174 174 174 174 174 174 376 383 383 383 383 376 383 383 383 383 383 383 383 383 383 376 376 376 
262 262 262 262 262 262 262 383 383 383 383 383 383 383 383 376 376 262 174 174 174 174 174 174 174 174 347 347 347 347 347 347 347 347 174 174 174 174 174 174 174 174 174 174 174 174 174 174 174 174 174 174 544 544 544 544 544 544 544 544 544 544 544 544 544 544 544 544 544 544 544 544 544 544 544 544 544 544 544 544 544 544 544 544 544 544 544 544 544 544 544 544 544 544 544 544 544 544 544 544 544 544 544 544 544 544 544 544 544 544 544 544 544 544 174 174 174 174 174 174 174 174 174 174 174 174 174 174 174 174 262 383 376 383 383 383 383 376 383 383 383 383 383 383 383 383 383 376 376 376 
376 262 262 262 262 262 262 383 383 383 383 383 383 383 383 376 376 262 174 174 174 174 174 174 174 174 347 347 347 347 347 347 347 347 174 174 174 174 174 174 174 174 174 174 174 174 174 174 174 174 174 174 174 544 544 544 544 544 544 544 544 544 544 544 544 544 544 544 544 544 544 544 544 544 544 544 544 544 544 544 544 544 544 544 544 544 544 544 544 544 544 544 544 544 544 544 544 544 544 544 544 544 544 544 544 544 544 544 544 544 544 544 544 544 174 174 174 174 174 174 174 174 174 174 174 174 174 174 174 174 262 383 383 383 383 376 376 383 383 383 383 383 383 383 383 383 383 376 376 376 
376 262 262 262 262 262 262 383 383 383 383 383 383 383 383 376 376 174 174 174 174 174 174 174 174 174 174 347 347 347 347 347 347 347 347 347 174 174 174 174 174 174 174 174 174 174 174 174 174 174 174 174 174 174 544 544 544 544 544 544 544 544 544 544 544 544 544 544 544 544 544 544 544 544 544 544 544 544 544 544 544 544 544 544 544 544 544 544 544 544 544 544 544 544 544 544 544 544 544 544 544 544 544 544 544 544 544 544 544 544 544 544 544 544 174 174 174 174 174 174 174 174 174 174 174 174 174 174 174 262 383 383 383 383 383 383 383 383 383 383 383 383 383 383 383 383 383 383 376 376 
376 262 262 262 262 262 262 262 383 383 383 383 383 383 383 376 376 174 174 174 174 174 174 174 174 174 174 347 347 347 347 347 347 347 347 347 347 347 347 347 347 347 347 347 347 347 174 174 174 174 174 174 174 174 174 174 544 544 544 544 544 544 544 544 544 544 544 544 544 544 544 544 544 544 544 544 544 544 544 544 544 544 544 544 544 544 544 544 544 544 544 544 544 544 544 544 544 544 544 544 544 544 544 544 544 544 544 544 544 544 544 544 544 174 174 174 174 174 174 174 174 174 174 174 174 174 174 174 174 262 383 383 383 383 383 383 383 383 383 383 383 383 383 383 383 383 383 383 376 376 
376 262 262 262 262 262 262 262 383 383 383 383 383 383 383 376 376 174 174 174 174 174 174 174 174 174 174 174 347 347 347 347 347 347 347 347 347 347 347 347 347 347 347 347 347 347 347 347 347 174 174 174 174 174 174 174 174 174 544 544 544 544 544 544 544 544 544 544 544 544 544 544 544 544 544 544 544 544 544 544 544 544 544 544 544 544 544 544 544 544 544 544 544 544 544 544 544 544 544 544 544 544 544 544 544 544 544 544 544 544 544 544 544 544 174 174 174 174 174 174 174 174 174 174 174 174 174 174 174 262 383 383 383 383 383 383 383 383 383 376 376 376 376 383 383 383 383 383 383 376 
376 262 262 262 262 262 262 262 383 383 383 376 383 383 383 376 376 174 174 174 174 174 174 174 174 174 174 174 174 347 347 347 347 347 347 347 347 347 347 347 347 347 347 347 347 347 347 347 347 347 174 174 174 174 174 174 174 174 174 544 544 544 544 544 544 544 544 544 544 544 544 544 544 544 544 544 544 544 544 544 544 544 544 544 544 544 544 544 544 544 544 544 544 544 544 544 544 544 544 544 544 544 544 544 544 544 544 544 544 544 544 544 544 544 174 174 174 174 174 174 174 174 174 174 174 174 174 174 174 383 383 383 383 383 383 383 383 383 383 383 383 383 383 383 383 383 383 383 383 376 
376 376 262 262 262 262 262 262 262 383 383 383 376 383 383 383 376 174 174 174 174 174 174 174 174 174 174 174 174 174 347 347 347 347 347 347 347 347 347 347 347 347 347 347 347 347 347 347 347 347 174 174 174 174 174 174 174 174 174 174 174 544 544 544 544 544 544 544 544 544 544 544 544 544 544 544 544 544 544 544 544 544 544 544 544 544 544 544 544 544 544 544 544 544 544 544 544 544 544 544 544 544 544 544 544 544 544 544 544 544 544 544 174 174 174 174 174 174 174 174 174 174 174 174 174 174 174 383 383 383 383 383 383 383 383 383 383 383 383 383 383 383 383 383 383 383 383 383 383 376 
376 376 262 262 262 262 262 262 262 383 383 383 376 383 383 383 376 376 174 174 174 174 174 174 174 174 174 174 174 174 174 347 347 347 347 347 347 347 347 347 347 347 347 347 347 347 347 347 347 347 174 174 174 174 174 174 174 174 174 174 174 174 544 544 544 544 544 544 544 544 544 544 544 544 544 544 544 544 544 544 544 544 544 544 544 544 544 544 544 544 544 544 544 544 544 544 544 544 544 544 544 544 544 544 544 544 544 544 544 544 174 174 174 174 174 174 174 174 174 174 174 383 383 383 383 383 383 383 383 383 383 383 383 383 383 383 383 383 383 383 383 383 383 383 383 383 383 383 383 376 
376 376 262 262 262 262 262 262 262 262 383 383 383 383 383 383 376 376 174 174 174 174 174 174 174 174 174 174 174 174 174 347 347 347 347 347 347 347 347 347 347 347 347 347 347 347 347 347 347 347 347 174 174 174 174 174 174 174 174 174 174 174 174 544 544 544 544 544 544 544 544 544 544 544 544 544 544 544 544 544 544 544 544 544 544 544 544 544 544 544 544 544 544 544 544 544 544 544 544 544 544 544 544 544 544 544 544 544 174 174 174 174 174 174 174 174 383 383 383 383 383 383 383 383 383 383 383 383 383 383 383 383 383 383 383 383 383 383 383 383 383 383 383 383 383 383 383 383 383 376 
376 376 262 262 262 262 262 262 262 262 383 383 383 383 383 383 376 376 174 174 174 174 174 174 174 174 174 174 174 174 174 174 347 347 347 347 347 347 347 347 347 347 347 347 347 347 347 347 347 347 347 174 174 174 174 174 174 174 174 174 174 174 174 174 174 544 544 544 544 544 544 544 544 544 544 544 174 174 174 174 174 174 174 174 174 544 544 544 544 544 544 544 544 544 544 544 544 544 544 544 174 174 174 174 174 174 174 174 174 174 174 174 174 174 174 383 383 383 383 383 383 383 376 376 376 383 383 383 383 383 383 383 383 383 383 376 383 383 383 383 383 383 383 383 383 383 383 383 383 383 
376 376 262 262 262 262 262 262 262 262 262 383 383 383 383 383 383 376 376 174 174 174 174 174 174 174 174 174 174 174 174 174 347 347 347 347 347 347 347 347 347 347 347 347 347 347 347 347 347 347 347 174 174 174 174 174 174 174 174 174 174 174 174 174 174 174 174 174 174 174 174 174 174 174 174 174 174 174 174 174 174 174 174 174 174 174 174 174 544 544 544 544 544 544 544 544 544 544 174 174 174 174 174 174 174 174 174 174 174 174 174 174 174 174 383 383 383 383 383 383 383 383 383 383 383 383 383 383 383 383 383 383 383 376 376 376 383 383 383 383 383 383 383 383 383 383 383 383 383 383 
376 376 376 376 262 262 262 262 262 262 262 383 383 383 383 383 383 383 376 174 174 174 174 174 174 174 174 174 174 174 174 174 174 347 347 347 347 347 347 347 347 347 347 347 347 347 347 347 347 347 347 174 174 174 174 174 174 174 174 174 174 174 174 174 174 174 174 174 174 174 174 174 174 174 174 174 174 174 174 174 174 174 174 174 174 174 174 174 174 174 174 174 174 544 174 174 174 174 174 174 174 174 174 174 174 174 174 174 174 174 174 174 174 383 383 383 383 383 383 383 383 383 383 383 383 383 383 383 383 383 383 383 376 383 383 383 383 383 383 383 383 383 383 383 383 383 383 383 383 383 
383 376 376 376 262 262 262 262 262 262 262 383 383 383 383 383 383 383 376 174 174 174 174 174 174 174 174 174 174 174 174 174 174 347 347 347 347 347 347 347 347 347 347 347 347 347 347 347 347 347 347 174 174 174 174 174 174 174 174 174 174 174 174 174 174 174 174 174 174 174 174 174 174 174 174 174 174 174 174 174 174 174 174 174 174 174 174 174 174 174 174 174 174 174 174 174 174 174 174 174 174 174 174 174 174 174 174 174 174 174 174 174 383 383 383 383 383 383 383 383 383 383 376 376 376 376 383 383 383 383 383 383 383 383 383 383 383 383 383 383 383 383 383 383 383 383 383 383 383 262 
383 383 383 376 376 376 262 262 262 262 262 262 383 383 383 376 383 383 383 383 174 174 174 174 174 174 174 174 174 174 174 174 174 174 347 347 347 347 347 347 347 347 347 347 347 347 347 347 347 347 347 174 174 174 174 174 174 174 174 174 174 174 174 174 174 174 174 174 174 174 174 174 174 174 174 174 174 174 174 174 174 174 174 174 174 174 174 174 174 174 174 174 174 174 174 174 174 174 174 174 174 174 174 174 174 174 174 174 174 174 174 383 383 383 383 383 383 383 383 383 383 376 383 383 383 383 383 383 383 383 383 383 383 383 383 383 383 383 383 383 383 383 383 383 383 383 383 383 262 262 
383 383 383 383 383 376 376 376 262 262 262 262 383 383 383 383 383 383 383 383 383 174 174 174 174 174 174 174 174 174 174 174 174 174 347 347 347 347 347 347 347 347 347 347 347 347 347 347 347 347 174 174 174 174 174 174 174 174 174 174 174 174 174 174 174 174 174 174 174 174 174 174 174 174 174 174 174 174 174 174 174 174 174 174 174 174 174 174 174 174 174 174 174 174 174 174 174 174 174 174 174 174 174 174 174 174 174 174 174 383 383 383 383 383 383 383 383 383 383 383 376 383 383 383 383 383 383 383 383 383 383 383 383 383 383 383 383 383 262 262 262 262 262 262 262 262 262 262 262 262 
383 383 383 383 383 383 376 376 376 262 262 262 262 383 383 383 383 383 383 383 383 383 383 174 174 174 174 174 174 174 174 174 174 174 174 347 347 347 347 347 347 347 347 347 347 347 347 347 347 347 174 174 174 174 174 174 174 174 174 174 174 174 174 174 174 174 174 174 174 174 174 174 174 174 174 174 174 174 174 174 174 174 174 174 174 383 383 383 383 383 383 383 383 383 383 383 383 383 383 383 383 376 376 376 383 383 383 383 383 383 383 383 383 383 383 383 383 383 383 383 383 383 383 376 383 383 383 383 383 383 383 383 383 383 383 383 262 262 262 262 262 262 262 262 262 262 262 262 262 262 
383 383 383 383 383 383 383 376 376 376 262 262 262 262 383 383 383 383 383 383 383 383 383 383 174 174 174 174 174 174 174 174 174 174 174 174 174 347 347 347 347 347 347 347 347 347 347 347 347 174 174 174 174 174 174 174 174 174 174 174 174 174 174 174 174 174 174 174 174 174 174 174 174 174 174 383 383 383 383 383 383 383 383 383 383 383 383 383 383 383 383 383 383 383 383 383 383 383 383 383 383 383 383 383 376 383 383 383 383 383 383 383 383 383 383 383 383 383 383 383 383 383 383 383 383 383 383 383 383 383 383 383 383 383 383 262 262 262 262 262 262 262 262 262 262 262 262 262 262 262 
383 383 383 376 383 383 383 383 376 376 376 262 262 262 383 383 383 383 383 383 383 383 383 383 383 174 174 174 174 174 174 174 174 174 174 174 174 174 174 347 347 347 347 347 347 347 347 347 174 174 174 174 174 174 174 174 174 174 174 174 174 174 174 174 174 174 174 174 383 383 383 383 383 383 383 383 383 383 383 383 383 383 383 383 383 383 383 383 383 383 383 383 383 383 383 383 383 383 383 383 383 383 383 383 383 383 383 383 383 376 383 383 383 383 383 383 383 383 383 383 383 383 383 383 383 383 383 376 383 383 383 383 383 262 262 262 262 262 262 262 262 262 262 262 262 262 262 262 262 376 
383 383 383 376 383 383 383 383 383 383 376 376 262 262 262 262 383 383 383 383 383 383 383 383 383 383 383 174 174 174 174 174 174 174 174 174 174 174 174 174 174 174 174 174 174 174 174 174 174 174 174 174 174 174 174 174 174 174 174 174 174 383 383 383 383 383 383 383 383 383 383 383 383 383 383 383 383 383 383 383 383 383 383 383 383 383 383 383 383 383 383 383 383 383 376 383 383 383 383 383 383 383 383 383 383 383 383 383 376 383 383 383 383 383 383 376 376 376 383 383 383 383 383 383 383 383 376 383 383 383 383 383 262 262 262 262 262 262 262 262 262 262 262 262 262 262 262 262 262 376 
383 383 383 376 383 383 383 383 383 383 383 376 376 262 262 262 262 262 383 383 383 383 383 383 383 383 376 383 383 174 174 174 174 174 174 174 174 174 174 174 174 174 174 174 174 174 174 174 174 174 174 174 174 174 174 174 174 383 383 383 383 383 383 383 383 383 383 383 383 383 383 383 383 383 383 383 376 376 383 383 383 383 383 383 383 383 383 383 383 383 383 383 383 376 383 376 383 383 383 383 383 383 383 383 383 383 383 383 376 383 383 383 383 383 383 383 383 383 383 383 383 383 383 383 383 383 383 383 383 383 383 262 262 262 262 262 262 262 262 262 262 262 262 262 262 262 262 262 262 376 
383 383 383 376 383 383 383 383 383 383 383 383 376 376 262 262 262 262 262 262 262 383 383 383 383 383 383 376 383 383 383 383 383 383 383 174 174 174 174 174 174 174 174 174 174 174 174 174 174 174 174 174 174 383 383 383 383 383 383 383 383 383 383 383 383 383 383 383 383 383 383 383 383 383 383 383 383 383 376 376 383 383 383 383 383 383 383 383 383 383 383 383 383 383 383 383 383 383 383 383 383 383 383 383 383 383 383 383 383 383 383 383 383 383 383 383 383 383 383 262 262 262 262 262 262 262 262 262 262 262 262 262 262 262 262 262 262 262 262 262 262 262 262 262 262 262 262 262 376 376 
383 383 383 383 383 383 383 383 383 383 383 383 383 376 376 262 262 262 262 262 262 262 383 383 383 383 383 383 376 383 383 383 383 383 383 383 383 383 383 383 383 383 383 383 383 383 383 383 383 383 383 383 383 383 383 383 383 383 383 383 383 383 383 383 383 383 383 383 383 383 383 383 383 383 383 383 383 383 383 383 376 376 383 383 383 383 383 383 383 383 383 383 383 383 383 383 383 383 383 383 376 383 383 383 383 383 383 383 383 383 383 383 383 383 383 383 383 262 262 262 262 262 262 262 262 262 262 262 262 262 262 262 262 262 262 262 262 262 262 262 262 262 262 262 262 262 262 262 376 383 
383 383 383 383 383 383 383 383 383 383 383 383 383 383 376 376 262 262 262 262 262 262 262 262 262 383 383 383 376 383 383 383 383 383 383 376 383 383 383 383 383 383 383 383 383 383 383 383 383 383 383 383 383 383 383 383 383 383 383 383 383 383 383 383 383 383 383 383 383 383 383 383 383 383 383 383 383 383 383 383 383 383 383 383 383 383 383 383 383 383 383 383 383 383 383 383 383 383 383 376 383 383 383 383 383 383 383 383 383 383 383 383 383 262 262 262 262 262 262 262 262 262 262 262 262 262 262 262 262 262 262 262 262 262 262 376 376 376 376 376 376 376 262 376 376 376 376 376 383 383 
383 383 383 383 383 383 383 383 383 376 383 383 383 383 383 376 376 262 262 262 262 262 262 262 262 262 262 383 383 383 383 383 383 383 383 376 383 383 383 383 383 383 383 383 383 383 383 383 383 383 383 376 383 383 383 383 383 383 383 383 383 383 383 383 383 383 383 383 383 383 383 383 376 383 383 383 383 383 383 383 383 383 383 383 383 383 383 383 383 383 383 383 383 383 383 383 383 383 383 383 383 383 383 383 383 383 262 262 262 262 262 262 262 262 262 262 262 262 262 262 262 262 262 262 262 262 262 262 262 262 262 262 376 376 376 383 383 383 383 383 383 383 383 383 383 383 383 383 383 383 
383 383 383 383 383 383 383 383 383 383 376 383 383 383 383 383 376 262 262 262 262 262 262 262 262 262 262 262 262 383 383 383 383 383 383 383 376 383 383 383 383 383 383 383 383 383 383 383 383 383 383 383 376 383 383 383 383 383 383 383 383 383 383 383 383 383 383 383 383 383 383 383 376 383 383 383 383 383 383 383 383 383 383 383 383 383 383 383 383 383 383 383 383 383 383 383 383 383 383 383 383 262 262 262 262 262 262 262 262 262 262 262 262 262 262 262 262 262 262 262 262 262 262 262 262 262 262 262 262 262 376 376 376 383 383 383 383 383 383 383 383 383 383 383 383 383 383 383 383 383 
383 383 383 383 383 383 383 383 383 383 383 376 383 383 383 383 383 376 262 262 262 262 262 262 262 262 262 262 262 262 262 383 383 383 383 383 383 383 383 383 383 383 383 376 383 383 383 383 383 383 383 383 383 383 383 383 383 383 383 383 376 376 383 383 383 383 383 383 383 383 383 383 376 383 383 383 383 383 376 376 376 383 383 383 383 383 383 376 383 383 383 383 383 383 383 383 383 383 383 262 262 262 262 262 262 262 262 262 262 262 262 262 262 262 262 262 262 262 262 262 262 262 262 262 262 262 262 262 376 376 376 383 383 383 383 383 383 383 383 383 383 383 383 383 383 383 383 383 383 383 
383 383 383 383 383 383 383 383 383 383 383 383 383 383 383 383 383 383 376 262 262 262 262 262 262 262 262 262 262 262 262 262 383 383 383 383 383 383 383 383 383 383 383 376 376 383 383 383 383 383 383 383 383 383 383 383 383 383 383 383 383 383 376 383 383 383 383 383 383 383 383 383 383 383 383 383 383 383 383 383 383 383 383 383 383 383 376 383 383 383 383 383 383 383 383 383 383 262 262 262 262 262 262 262 262 262 262 262 262 262 262 262 262 262 262 262 262 262 262 262 262 262 262 262 262 262 376 376 376 383 383 383 383 383 383 383 383 376 376 383 383 383 383 383 383 383 383 383 383 383 
383 383 383 376 383 383 383 383 383 383 383 383 383 383 383 383 383 383 376 376 262 262 262 262 262 262 262 262 262 262 262 262 262 383 383 383 383 383 383 383 383 383 383 383 383 383 383 383 383 383 383 383 383 383 383 383 383 383 383 383 383 383 383 383 383 383 383 383 383 383 383 383 383 383 383 383 383 383 383 383 383 383 383 383 383 383 376 383 383 383 383 383 383 383 262 262 262 262 262 262 262 262 262 262 262 262 262 262 262 262 262 262 262 262 376 376 376 376 376 376 376 262 262 262 376 376 376 383 383 383 383 383 383 383 383 383 383 383 383 383 383 383 383 383 376 376 376 376 383 383 
383 383 383 376 383 383 383 383 383 383 383 383 383 383 383 383 383 383 383 376 376 376 376 376 376 376 376 376 376 376 376 376 376 262 376 383 383 383 383 383 383 383 383 383 383 383 383 383 383 383 383 383 383 383 383 383 383 383 383 383 383 383 383 383 383 383 376 383 383 383 383 383 383 383 383 383 383 383 383 383 383 383 383 383 383 383 383 383 383 383 383 383 262 262 262 262 262 262 262 262 262 262 262 262 262 262 262 262 262 376 376 376 376 376 383 383 383 383 383 383 383 383 383 383 383 383 383 383 383 383 383 383 383 383 383 383 383 383 383 383 383 383 383 383 383 383 383 383 383 383 
383 383 383 383 383 383 383 383 383 383 383 383 383 383 383 383 383 376 376 383 383 383 383 383 383 383 383 383 383 383 383 383 383 383 376 376 376 383 383 383 383 383 383 383 383 383 383 383 383 383 383 383 383 383 383 383 383 383 383 383 383 383 383 383 383 383 376 383 383 383 383 383 383 383 383 383 383 383 383 383 383 383 383 383 383 383 383 383 383 383 383 262 262 262 262 262 262 262 262 262 262 262 262 262 262 376 376 376 376 383 383 383 383 383 383 383 383 383 383 383 383 383 383 383 383 383 383 383 383 383 376 383 383 383 383 383 383 383 383 383 383 383 383 383 383 383 383 383 383 383 
383 383 383 383 383 383 383 383 383 383 383 383 383 383 383 383 383 383 383 376 383 383 383 383 383 383 383 383 383 383 383 383 383 383 383 383 383 376 376 383 383 383 383 383 383 383 383 383 383 383 376 383 383 383 383 383 383 383 383 383 383 383 383 383 383 383 383 383 383 383 383 383 383 383 383 383 383 383 383 383 383 383 383 383 383 383 262 262 262 262 262 262 262 262 262 262 262 262 262 262 262 262 376 376 376 376 383 383 383 383 383 383 383 383 383 383 383 383 383 383 383 383 383 383 383 383 383 383 383 376 383 383 383 383 383 383 383 383 383 383 383 383 383 383 383 383 383 383 383 383 
