map01
128
128
383 383 383 383 383 383 383 383 383 383 383 383 383 383 383 383 383 383 383 383 383 376 376 376 376 376 376 376 376 376 376 376 376 376 376 376 376 376 376 376 376 383 383 383 383 383 383 383 383 383 383 383 383 383 383 383 383 383 383 383 383 383 383 383 383 383 383 383 383 383 383 383 383 383 383 383 383 135 135 135 135 135 135 135 135 135 135 135 135 135 135 135 135 135 135 135 135 135 135 135 135 135 135 135 135 135 135 135 135 135 135 135 135 135 135 135 135 135 135 135 135 135 135 135 135 135 135 135 
383 383 383 383 383 383 383 383 383 383 383 383 383 383 383 383 383 383 376 376 376 376 376 376 376 376 376 376 376 376 376 376 376 376 376 376 376 376 376 376 376 376 376 376 376 376 376 383 383 383 383 383 383 383 383 383 383 383 383 383 383 383 383 383 383 383 383 383 383 383 383 383 383 383 383 383 383 383 383 383 135 135 135 135 135 135 135 135 135 135 135 135 135 135 135 135 135 135 135 135 135 135 135 135 135 135 135 135 135 135 135 135 135 135 135 135 135 135 135 135 135 135 135 135 135 135 135 135 
383 383 383 383 383 376 376 376 376 376 376 376 376 376 376 376 376 376 376 376 376 376 376 376 376 376 376 376 376 376 376 376 376 376 376 376 376 376 376 376 376 376 376 376 376 376 376 376 376 376 376 376 376 376 376 376 383 383 383 383 383 383 383 383 383 383 383 383 383 383 383 383 383 383 383 383 383 383 383 383 383 383 383 135 135 135 135 135 135 135 135 135 135 135 135 135 135 135 135 135 135 135 135 135 135 135 135 135 135 135 135 135 135 135 135 135 135 135 135 135 135 135 135 135 135 135 135 135 
383 383 383 376 376 376 376 376 376 376 376 376 376 376 376 376 376 376 376 376 376 376 376 376 376 376 376 376 376 376 376 376 376 376 376 376 376 376 376 376 376 376 376 376 376 376 376 376 376 376 376 376 376 376 376 376 376 376 376 376 383 383 383 383 383 383 383 383 383 383 383 383 383 383 383 383 383 383 383 383 383 383 383 383 383 135 135 135 135 135 135 135 135 135 135 135 383 383 383 383 383 383 383 135 135 135 135 135 135 135 135 135 135 135 135 135 135 135 135 135 135 135 135 135 135 135 135 135 
383 383 383 376 376 376 376 376 528 528 528 528 528 528 528 528 528 528 528 528 528 528 528 528 528 528 528 528 528 528 528 528 528 528 528 528 528 528 528 528 528 528 528 528 376 376 376 376 376 376 376 376 376 376 376 376 376 376 376 376 376 376 376 376 376 376 383 383 383 383 383 383 383 383 383 383 383 383 383 383 383 383 383 383 383 383 135 135 135 135 135 135 383 383 383 383 383 383 383 383 383 383 383 383 135 135 135 135 135 135 135 135 135 135 135 135 135 135 135 135 135 135 135 135 135 135 135 135 
383 383 376 376 376 376 528 528 528 528 528 528 528 528 528 528 528 528 528 528 528 528 528 528 528 528 528 528 528 528 528 528 528 528 528 528 528 528 528 528 528 528 528 528 528 528 528 528 528 528 528 528 528 528 528 528 528 376 376 376 376 376 376 376 376 376 376 376 376 383 383 383 383 383 383 383 383 383 383 383 383 383 383 383 383 383 383 383 383 383 383 383 383 383 383 383 383 383 383 383 383 383 383 383 383 135 135 135 135 135 135 135 135 135 135 135 135 135 135 135 135 135 135 135 135 135 135 135 
383 383 376 376 376 376 528 528 528 528 528 528 528 528 528 528 528 528 528 528 528 528 528 528 528 528 528 528 528 528 528 528 528 528 528 528 528 528 528 528 528 528 528 528 528 528 528 528 528 528 528 528 528 528 528 528 528 528 528 528 376 376 376 376 376 376 376 376 376 376 383 383 383 383 383 383 383 383 383 383 383 383 383 383 383 383 383 383 383 383 383 383 383 383 383 383 383 383 383 383 383 383 383 383 383 383 135 135 135 135 135 135 135 135 135 135 135 135 135 135 135 135 135 135 135 135 135 135 
383 376 376 376 376 528 528 528 528 528 528 528 528 528 528 528 528 528 528 528 528 528 528 528 528 528 528 528 528 528 528 528 528 528 528 528 528 528 528 528 528 528 528 528 528 528 528 528 528 528 528 528 528 528 528 528 528 528 528 528 528 376 376 376 376 376 376 376 376 376 376 383 383 383 383 383 383 383 383 383 383 383 383 383 383 383 383 383 383 383 383 383 383 383 383 383 383 383 383 383 383 383 383 383 383 383 383 135 135 383 383 383 383 383 383 383 135 135 135 135 135 135 135 135 135 135 135 135 
383 376 376 376 376 528 528 528 528 528 528 528 528 528 528 528 528 528 528 528 528 528 528 528 528 528 528 528 528 528 528 528 528 528 528 528 528 528 528 528 528 528 528 528 528 528 528 528 528 528 528 528 528 528 528 528 528 528 528 528 528 528 376 376 376 376 376 376 376 376 376 376 383 383 383 383 376 376 383 383 383 383 383 383 383 383 383 383 383 383 383 383 383 383 383 383 383 383 383 383 383 383 383 383 383 383 383 383 383 383 383 383 383 383 383 383 383 135 135 135 135 135 135 135 135 135 135 135 
383 376 376 376 528 528 528 528 528 528 528 347 347 347 347 347 347 347 528 528 528 528 528 528 528 528 528 528 528 528 528 528 528 528 528 528 528 528 528 528 528 528 528 528 528 528 528 528 528 528 528 528 528 528 528 528 528 528 528 528 528 528 528 528 376 376 376 376 376 376 376 376 376 383 383 383 376 376 383 383 383 383 383 383 383 383 383 383 383 383 383 383 383 383 383 383 383 383 383 383 383 383 383 383 383 383 383 383 383 383 383 383 383 383 383 383 383 383 135 135 135 135 135 135 135 135 135 135 
383 376 376 376 528 528 528 528 528 528 347 347 347 347 347 347 347 347 347 528 528 528 528 528 528 528 528 528 528 528 528 528 528 528 528 528 528 528 528 528 528 528 528 528 528 528 528 528 528 528 528 528 528 528 528 528 528 528 528 528 528 528 528 528 528 528 528 376 376 376 376 376 376 376 383 383 376 376 376 376 383 383 383 383 383 383 383 383 383 383 383 383 383 383 383 383 383 383 383 383 383 383 383 383 383 383 383 383 383 383 383 383 383 383 383 383 383 383 135 135 135 135 135 135 135 135 135 135 
376 376 376 376 528 528 528 528 347 347 347 347 347 347 347 347 347 347 347 347 528 528 528 528 528 528 528 528 528 528 528 528 528 528 528 528 528 528 528 528 528 528 528 528 528 528 528 528 528 528 528 528 528 528 528 528 528 528 528 528 528 528 528 528 528 528 528 528 528 376 376 376 376 376 376 376 376 376 376 376 376 383 383 383 383 383 383 376 376 376 376 376 383 383 383 383 383 383 383 383 383 383 376 376 383 383 383 383 383 383 383 383 383 383 383 383 383 383 383 135 135 135 135 135 135 135 135 135 
376 376 376 376 528 528 528 528 347 347 347 347 347 347 347 347 347 347 347 347 347 528 528 528 528 528 528 528 528 528 528 528 528 528 528 528 528 528 528 528 528 528 528 528 528 528 528 528 528 528 528 528 528 528 528 528 528 528 528 528 528 528 528 528 528 528 528 528 528 528 528 376 376 376 376 376 376 376 376 376 376 383 383 383 383 383 376 376 376 376 376 376 383 383 383 383 383 383 376 376 376 376 376 376 383 383 383 383 383 383 383 383 383 383 383 383 383 383 383 135 135 135 135 135 135 135 135 135 
376 376 376 376 528 528 528 528 347 347 347 347 347 347 347 347 347 347 347 347 347 528 528 528 528 528 528 528 528 528 528 528 528 528 528 528 528 528 528 528 528 528 528 528 528 528 528 528 528 528 528 528 528 528 528 528 528 528 528 528 528 528 528 528 528 528 528 528 528 528 528 528 528 376 376 376 376 376 376 376 376 376 383 383 383 376 376 376 376 376 376 383 383 383 383 383 376 376 376 376 376 376 376 376 383 383 383 383 383 383 383 383 383 383 383 383 383 383 383 135 135 135 135 135 135 135 135 135 
376 376 376 376 528 528 528 528 347 347 347 347 347 347 347 347 347 347 347 347 347 347 528 528 528 528 528 528 528 528 528 528 528 528 528 528 528 528 528 528 528 528 528 528 528 528 528 528 528 528 528 528 528 528 528 528 528 528 528 528 528 528 528 528 528 528 528 528 528 528 528 528 528 528 376 376 376 376 376 376 376 376 376 383 383 376 376 376 376 376 376 376 376 376 376 376 376 376 376 376 376 376 376 376 376 383 383 383 383 383 383 383 383 383 383 383 383 383 383 135 135 135 135 135 135 135 135 135 
376 376 376 376 528 528 528 528 347 347 347 347 347 347 347 347 347 347 347 347 347 347 528 528 528 528 528 528 528 528 528 528 528 528 528 528 528 528 528 528 528 528 528 528 528 528 528 528 528 528 528 528 528 528 528 528 528 528 528 528 528 528 528 528 528 528 528 528 528 528 528 528 528 528 528 528 376 376 376 376 376 376 376 376 376 376 376 376 376 376 376 376 376 376 376 376 376 376 376 376 376 376 376 376 376 383 383 383 383 383 383 383 383 383 383 383 383 383 383 383 135 135 135 135 135 135 135 135 
376 376 376 376 528 528 528 528 347 347 347 347 347 347 347 347 347 347 347 347 347 347 528 528 528 528 528 528 528 528 528 528 528 528 528 528 528 528 528 528 528 528 528 528 528 528 528 528 528 528 528 528 528 528 528 528 528 528 528 528 528 528 528 528 528 528 528 528 528 528 528 528 528 528 528 528 528 528 376 376 376 376 376 376 376 376 376 376 376 376 376 376 376 376 376 376 528 528 528 376 376 376 376 376 376 383 383 383 383 383 383 383 383 383 383 383 383 383 383 383 383 383 383 383 135 135 135 135 
376 376 376 376 528 528 528 528 347 347 347 347 347 347 347 347 347 347 347 347 347 347 347 528 528 528 528 528 528 528 528 528 528 528 528 528 528 528 528 528 528 528 528 528 528 528 528 528 528 528 528 528 528 528 528 528 528 528 528 528 528 528 528 528 528 528 528 528 528 528 528 528 528 528 528 528 528 528 528 528 376 376 376 376 376 376 376 376 376 376 376 376 376 528 528 528 528 528 528 376 376 376 376 376 376 383 383 383 383 383 383 383 383 383 383 383 383 383 383 383 383 383 383 383 383 383 135 135 
376 376 376 376 528 528 528 528 528 347 347 347 347 347 347 347 347 347 347 347 347 347 347 347 528 528 528 528 528 528 528 528 528 528 528 528 528 528 528 528 528 528 528 528 528 528 528 528 528 528 528 528 528 528 528 528 528 528 528 528 528 528 528 528 528 528 528 528 528 528 528 528 528 528 528 528 528 528 528 528 528 528 528 528 528 528 528 528 528 528 528 528 528 528 528 528 528 528 528 376 376 376 376 376 376 383 383 383 383 383 383 383 383 383 383 383 383 383 383 383 383 383 383 383 383 383 135 135 
376 376 376 376 528 528 528 528 528 347 347 347 347 347 347 347 347 347 347 347 347 347 347 347 347 347 528 528 528 528 528 528 528 528 528 528 528 528 528 528 528 528 528 528 528 528 528 528 528 528 528 528 528 528 528 528 528 528 528 528 528 528 528 528 528 528 528 528 528 528 528 528 528 528 528 528 528 528 528 528 528 528 528 528 528 528 528 528 528 528 528 528 528 528 528 528 528 528 528 376 376 376 376 376 376 383 383 383 383 383 383 383 383 383 383 383 383 383 383 383 383 383 383 383 383 383 383 135 
376 376 376 376 528 528 528 528 528 347 347 347 347 347 347 347 347 347 347 347 347 347 347 347 347 347 347 347 528 528 528 528 528 528 528 528 528 528 528 528 528 528 528 528 528 528 528 528 528 528 528 528 528 528 528 528 528 528 528 528 528 528 528 528 528 528 528 528 528 528 528 528 528 528 528 528 528 528 528 528 528 528 528 528 528 528 528 528 528 528 528 528 528 528 528 528 528 528 528 528 376 376 376 376 376 383 383 383 383 383 383 383 383 383 383 383 383 383 383 383 383 383 383 383 383 383 383 135 
376 376 376 376 528 528 528 528 528 528 347 347 347 347 347 347 347 347 347 347 347 347 347 347 347 347 347 347 347 347 347 528 528 528 528 528 528 528 528 528 528 528 528 528 528 528 528 528 528 528 528 528 528 528 528 528 528 528 528 528 528 528 528 528 528 528 528 528 528 528 528 528 528 528 528 528 528 528 528 528 528 528 528 528 528 528 528 528 528 528 528 528 528 528 528 528 528 528 528 528 376 376 376 376 376 383 383 383 383 383 383 383 383 383 383 383 383 383 383 383 383 383 383 383 383 383 383 135 
376 376 376 376 376 528 528 528 528 528 528 528 347 347 347 347 347 347 347 347 347 347 347 347 347 347 347 347 347 347 347 347 347 347 347 528 528 528 528 528 528 528 528 528 528 528 528 528 528 528 528 528 528 528 528 528 528 528 528 528 528 528 528 528 528 528 528 528 528 528 528 528 528 528 528 528 528 528 528 528 528 528 528 528 528 528 528 528 528 528 528 528 528 528 528 528 528 528 528 528 376 376 376 376 376 383 383 383 383 376 376 376 383 383 383 383 383 383 383 383 383 383 383 383 383 383 383 383 
376 376 376 376 376 528 528 528 528 528 528 528 528 347 347 347 347 347 347 347 347 347 347 347 347 347 347 347 347 347 347 347 347 347 347 347 347 347 347 347 347 347 528 528 528 528 528 528 528 528 528 528 528 528 528 528 528 528 528 528 528 528 528 528 528 528 528 528 528 528 528 528 528 528 528 528 528 528 528 528 528 528 528 528 528 528 528 528 528 528 528 528 528 528 528 528 528 528 528 528 528 376 376 376 376 376 376 376 376 376 376 376 376 383 383 383 383 383 383 383 383 383 383 383 383 383 383 383 
544 376 376 376 376 376 528 528 528 528 528 528 528 528 528 347 347 347 347 347 347 347 347 347 347 347 347 347 347 347 347 347 347 347 347 347 347 347 347 347 347 347 347 347 347 528 528 528 528 528 528 528 528 528 528 528 528 528 528 528 528 528 528 528 528 528 528 528 528 528 528 528 528 528 528 528 528 528 528 528 528 528 528 528 528 528 528 528 528 528 528 528 528 528 528 528 528 528 528 528 528 376 376 376 376 376 376 376 376 376 376 376 376 383 383 383 383 383 383 383 383 383 383 383 383 383 383 383 
544 376 376 376 376 376 528 528 528 528 528 528 528 528 528 528 528 528 528 347 347 347 347 347 347 347 347 347 347 347 347 347 347 347 347 347 347 347 347 347 347 347 347 347 347 347 347 347 528 528 528 528 528 528 528 528 528 528 528 528 528 528 528 528 528 528 528 528 528 528 528 528 528 528 528 528 528 528 528 528 528 528 528 528 528 528 528 528 528 528 528 528 528 528 528 528 528 528 528 528 528 528 376 376 376 376 376 376 376 376 376 376 376 383 383 383 383 383 383 383 383 383 383 383 383 383 383 383 
544 544 376 376 376 376 376 528 528 528 528 528 528 528 528 528 528 528 528 528 528 347 347 347 347 347 347 347 347 347 347 347 347 347 347 347 347 347 347 347 347 347 347 347 347 347 347 347 347 347 347 528 528 528 528 528 528 528 528 528 528 528 528 528 528 528 528 528 528 528 528 528 528 528 528 528 528 528 528 528 528 528 528 528 528 528 528 528 528 528 528 528 528 528 528 528 528 528 528 528 528 528 528 376 376 376 376 376 376 376 376 376 376 376 376 376 376 376 376 376 383 383 383 383 383 383 383 383 
544 544 376 376 376 376 376 376 528 528 528 528 528 528 528 528 528 528 528 528 528 528 528 528 528 528 347 347 347 347 347 347 347 347 347 347 347 347 347 347 347 347 347 347 347 347 347 347 347 347 347 347 347 528 528 528 528 528 528 528 528 528 528 528 528 528 528 528 528 528 528 528 528 528 528 528 528 528 528 528 528 528 528 528 528 528 528 528 528 528 528 528 528 528 528 528 528 528 528 528 528 528 528 528 528 528 376 376 376 376 376 376 376 376 376 376 376 376 376 376 376 383 383 383 383 383 383 383 
544 544 544 376 376 376 376 376 528 528 528 528 528 528 528 528 528 528 528 528 528 528 528 528 528 528 528 528 528 347 347 347 347 347 347 347 347 347 347 347 347 347 347 347 347 347 347 347 347 347 347 347 347 347 347 528 528 528 528 528 528 528 528 528 528 528 528 528 528 528 528 528 528 528 528 528 528 528 528 528 528 528 528 528 528 528 528 528 528 528 528 528 528 528 528 528 528 528 528 528 528 528 528 528 528 528 528 528 528 528 528 376 376 376 376 376 376 376 376 376 376 383 383 383 383 383 383 383 
544 544 544 544 376 376 376 376 528 528 528 528 528 528 528 528 528 528 528 528 528 528 528 528 528 528 528 528 528 528 528 528 528 347 347 347 347 347 347 347 347 347 347 347 347 347 347 347 347 347 347 347 347 347 347 347 347 528 528 528 528 528 528 528 528 528 528 528 528 528 528 528 528 528 528 528 528 528 528 528 528 528 528 528 528 528 528 528 528 528 528 528 528 528 528 528 528 528 528 528 528 528 528 528 528 528 528 528 528 528 528 528 528 528 376 376 376 376 376 376 376 383 383 383 383 383 383 383 
544 544 544 544 544 376 376 376 376 528 528 528 528 528 528 528 528 528 528 528 528 528 528 528 528 528 528 528 528 528 528 528 528 528 528 528 528 528 528 528 347 347 347 347 347 347 347 347 347 347 347 347 347 347 347 347 347 347 347 528 528 528 528 528 528 528 528 528 528 528 528 528 528 528 528 528 528 528 528 528 528 528 528 528 528 528 528 528 528 528 528 528 528 528 528 528 528 528 528 528 528 528 528 528 528 528 528 528 528 528 528 528 528 528 528 376 376 376 376 376 376 383 383 383 383 383 383 383 
544 544 544 544 544 544 544 376 376 528 528 528 528 528 528 528 528 528 528 528 528 528 528 528 528 528 528 528 528 528 528 528 528 528 528 528 528 528 528 528 528 528 347 347 347 347 347 347 347 347 347 347 347 347 347 347 347 347 347 347 528 528 528 528 528 528 528 528 528 528 528 528 528 528 528 528 528 528 528 528 528 528 528 528 528 528 528 528 528 528 528 528 528 528 528 528 528 528 528 528 528 528 528 528 528 528 528 528 528 528 528 528 528 528 528 528 528 376 376 376 376 383 383 383 383 383 383 383 
544 544 544 544 544 544 544 544 376 376 528 528 528 528 528 528 528 528 528 528 528 528 528 528 528 528 528 528 528 528 528 528 528 528 528 528 528 528 528 528 528 528 528 528 528 347 347 347 347 347 347 347 347 347 347 347 347 347 347 347 347 528 528 528 528 528 528 528 528 528 528 528 528 528 528 528 528 528 528 528 528 528 528 528 528 528 528 528 528 528 528 528 528 528 528 528 528 528 528 528 528 528 528 528 528 528 528 528 528 528 528 528 528 528 528 528 528 528 376 376 376 376 383 383 383 383 383 383 
544 544 544 544 544 544 544 544 544 376 376 528 528 528 528 528 528 528 528 528 528 528 528 528 528 528 528 528 528 528 528 528 528 528 528 528 528 528 528 528 528 528 528 528 528 528 528 528 347 347 347 347 347 347 347 347 347 347 347 347 347 347 528 528 528 528 528 528 528 528 528 528 528 528 528 528 528 528 528 528 528 528 528 528 528 528 528 528 528 528 528 528 528 528 528 528 528 528 528 528 528 528 528 528 528 528 528 528 528 528 528 528 528 528 528 528 528 528 376 376 376 376 383 383 383 383 383 383 
544 544 544 544 544 544 544 544 544 544 376 376 376 528 528 528 528 528 528 528 528 528 528 528 528 528 528 528 528 528 528 528 528 528 528 528 528 528 528 528 528 528 528 528 528 528 528 528 528 528 347 347 347 347 347 347 347 347 347 347 347 347 347 528 528 528 528 528 528 528 528 528 528 528 528 528 528 528 528 528 528 528 528 528 528 528 528 528 528 528 528 528 528 528 528 528 528 528 528 528 528 528 528 528 528 528 528 528 528 528 528 528 528 528 528 528 528 528 528 376 376 376 383 383 383 383 383 383 
544 544 544 544 544 544 544 544 544 544 544 376 376 376 376 376 376 528 528 528 528 528 528 528 528 528 528 528 528 528 528 528 528 528 528 528 528 528 528 528 528 528 528 528 528 528 528 528 528 528 528 528 528 347 347 347 347 347 347 347 347 347 347 347 347 528 528 528 528 528 528 528 528 528 528 528 528 528 528 528 528 528 528 528 528 528 528 528 528 528 528 528 528 528 528 528 528 528 528 528 528 528 528 528 528 528 528 528 528 528 528 528 528 528 528 528 528 528 528 376 376 376 383 383 383 383 383 383 
544 544 544 544 544 544 544 544 544 544 544 544 544 544 376 376 376 376 376 376 376 376 376 376 376 376 528 528 528 528 528 528 528 528 528 528 528 528 528 528 528 528 528 528 528 528 528 528 528 528 528 528 528 528 528 347 347 347 347 347 347 347 347 347 347 347 528 528 528 528 528 528 528 528 528 528 528 528 528 528 528 528 528 528 528 528 528 528 528 528 528 528 528 528 528 528 528 528 528 528 528 528 528 528 528 528 528 528 528 528 528 528 528 528 528 528 528 528 528 376 376 376 376 383 383 383 383 383 
544 544 544 544 544 544 544 544 544 544 544 544 544 544 544 544 376 376 376 376 376 376 376 376 376 376 376 376 376 376 376 376 376 528 528 528 528 528 528 528 528 528 528 528 528 528 528 528 528 528 528 528 528 528 528 528 347 347 347 347 347 347 347 347 347 347 347 528 528 528 528 528 528 528 528 528 528 528 528 528 528 528 528 528 528 528 528 528 528 528 528 528 528 528 528 528 528 528 528 528 528 528 528 528 528 528 528 528 528 528 528 528 528 528 528 528 528 528 528 376 376 376 376 383 383 383 383 383 
544 544 544 544 544 544 544 544 544 544 544 544 544 544 544 544 544 544 544 544 544 544 544 544 544 544 544 544 544 544 544 544 544 376 376 528 528 528 528 528 528 528 528 528 528 528 528 528 528 528 528 528 528 528 528 528 528 347 347 347 347 347 347 347 347 347 347 347 347 528 528 528 528 528 528 528 528 528 528 528 528 528 528 528 528 528 528 528 528 528 528 528 528 528 528 528 528 528 528 528 528 528 528 528 528 528 528 528 528 528 528 528 528 528 528 528 528 528 528 528 376 376 376 383 383 383 383 383 
544 544 544 544 544 544 544 544 544 544 544 544 544 544 544 544 544 544 544 544 544 544 544 544 544 544 544 544 544 544 544 544 544 544 544 544 528 528 528 528 528 528 528 528 528 528 528 528 528 528 528 528 528 528 528 528 528 528 347 347 347 347 347 347 347 347 347 347 347 347 347 528 528 528 528 528 528 528 528 528 528 528 528 528 528 528 528 528 528 528 528 528 528 528 528 528 528 528 528 528 528 528 528 528 528 528 528 528 528 528 528 528 528 528 528 528 528 528 528 528 376 376 376 383 383 383 383 383 
544 544 544 544 544 544 544 544 544 544 544 544 544 544 544 544 544 544 544 544 544 544 544 544 544 544 544 544 544 544 544 544 544 544 544 544 544 528 528 528 528 528 528 528 528 528 528 528 528 528 528 528 528 528 528 528 528 528 528 347 347 347 347 347 347 347 347 347 347 347 347 347 347 347 347 528 528 528 528 528 528 528 528 528 528 528 528 528 528 528 528 528 528 528 528 528 528 528 528 528 528 528 528 528 528 528 528 528 528 528 528 528 528 528 528 528 528 528 528 528 376 376 376 376 383 383 383 383 
544 544 544 544 544 544 544 544 544 544 544 544 544 544 544 544 544 544 544 544 544 544 544 544 544 544 544 544 544 544 544 544 544 544 544 544 544 544 544 528 528 528 528 528 528 528 528 528 528 528 528 528 528 528 528 528 528 528 528 528 347 347 347 347 347 347 347 347 347 347 347 347 347 347 347 347 347 347 347 347 528 528 528 528 528 528 528 528 528 528 528 528 528 528 528 528 528 528 528 528 528 528 528 528 528 528 528 528 528 528 528 528 528 528 528 528 528 528 528 528 376 376 376 376 383 383 383 383 
544 544 544 544 544 544 544 544 544 544 544 544 544 544 544 544 544 544 544 544 544 544 544 544 544 544 544 544 544 544 544 544 544 544 544 544 544 544 544 544 544 528 528 528 528 528 528 528 528 528 528 528 528 528 528 528 528 528 528 528 347 347 347 347 347 347 347 347 347 347 347 347 347 347 347 347 347 347 347 347 347 347 528 528 528 528 528 528 528 528 528 528 528 528 528 528 528 528 528 528 528 528 528 528 528 528 528 528 528 528 528 528 528 528 528 528 528 528 528 528 528 376 376 376 383 383 383 383 
544 544 544 544 544 544 544 544 544 544 544 544 544 544 544 544 544 544 544 544 544 544 544 544 544 544 544 544 544 544 544 544 544 544 544 544 544 544 544 544 544 544 528 528 528 528 528 528 528 528 528 528 528 528 528 528 528 528 528 347 347 347 347 347 347 347 347 347 347 347 347 347 347 347 347 347 347 347 347 347 347 347 347 347 528 528 528 528 528 528 528 528 528 528 528 528 528 528 528 528 528 528 528 528 528 528 528 528 528 528 528 528 528 528 528 528 528 528 528 528 528 376 376 376 383 383 383 383 
544 544 544 544 544 544 544 544 544 544 544 544 544 544 544 544 544 544 544 544 544 544 544 544 544 544 544 544 544 544 544 544 544 544 544 544 544 544 544 544 544 544 544 528 528 528 528 528 528 528 528 528 528 528 528 528 528 528 528 347 347 347 347 347 347 347 347 347 347 347 347 347 347 347 347 347 347 347 347 347 347 347 347 347 347 528 528 528 528 528 528 528 528 528 528 528 528 528 528 528 528 528 528 528 528 528 528 528 528 528 528 528 528 528 528 528 528 528 528 528 528 376 376 376 376 383 383 383 
544 544 544 376 376 376 376 376 376 528 528 528 528 528 528 528 544 544 544 544 544 544 544 544 544 544 544 544 544 544 544 544 544 544 544 544 544 544 544 544 544 544 544 544 528 528 528 528 528 528 528 528 528 528 528 528 528 528 528 347 347 347 347 347 347 347 347 347 347 347 347 347 347 347 347 347 347 347 347 347 347 347 347 347 347 347 528 528 528 528 528 528 528 528 528 528 528 528 528 528 528 528 528 528 528 528 528 528 528 528 528 528 528 528 528 528 528 528 528 528 528 528 376 376 376 376 383 383 
376 376 376 376 376 376 528 528 528 528 528 528 528 528 528 528 528 528 528 544 544 544 544 544 544 544 544 544 544 544 544 544 544 544 544 544 544 544 544 544 544 544 544 544 544 528 528 528 528 528 528 528 528 528 528 528 528 528 528 347 347 347 347 347 347 347 347 347 347 347 347 347 347 347 347 347 347 347 347 347 347 347 347 347 347 347 347 528 528 528 528 528 528 528 528 528 528 528 528 528 528 528 528 528 528 528 528 528 528 528 528 528 528 528 528 528 528 528 528 528 528 528 528 376 376 376 376 383 
376 376 376 376 376 528 528 528 528 528 528 528 528 528 528 528 528 528 528 528 528 544 544 544 544 544 544 544 544 544 544 544 544 544 544 544 544 544 544 544 544 544 544 544 544 544 376 528 528 528 528 528 528 528 528 528 528 528 528 347 347 347 347 347 347 347 347 347 347 347 347 347 347 347 347 347 347 347 347 347 347 347 347 347 347 347 347 347 528 528 528 528 528 528 528 528 528 528 528 528 528 528 528 528 528 528 528 528 528 528 528 528 528 528 528 528 528 528 528 528 528 528 528 528 376 376 376 383 
376 376 376 376 376 528 528 528 528 528 528 528 528 528 528 528 528 528 528 528 528 528 528 528 528 544 544 544 544 544 544 544 544 544 544 544 544 544 544 544 544 544 544 544 544 544 376 528 528 528 528 528 528 528 528 528 528 528 528 528 347 347 347 347 347 347 347 347 347 347 347 347 347 347 347 347 347 347 347 347 347 347 347 347 347 347 347 347 347 528 528 528 528 528 528 528 528 528 528 528 528 528 528 528 528 528 528 528 528 528 528 528 528 528 528 528 528 528 528 528 528 528 528 528 376 376 376 383 
376 376 376 376 528 528 528 528 528 528 528 528 528 528 528 528 528 528 528 528 528 528 528 528 528 528 528 528 544 544 544 544 544 544 544 544 544 544 544 544 544 544 544 544 544 544 376 376 528 528 528 528 528 528 528 528 528 528 528 528 347 347 347 347 347 347 347 347 347 347 347 347 347 347 347 528 528 528 528 528 347 347 347 347 347 347 347 347 347 347 528 528 528 528 528 528 528 528 528 528 528 528 528 528 528 528 528 528 528 528 528 528 528 528 528 528 528 528 528 528 528 528 528 528 376 376 376 376 
376 376 376 376 528 528 528 528 528 528 528 528 528 528 528 528 528 528 528 528 528 528 528 528 528 528 528 528 528 528 528 544 544 544 544 544 544 544 544 544 544 544 544 544 544 544 544 376 528 528 528 528 528 528 528 528 528 528 528 528 528 347 347 347 347 347 347 347 347 347 347 347 347 528 528 528 528 528 528 528 528 347 347 347 347 347 347 347 347 347 347 528 528 528 528 528 528 528 528 528 528 528 528 528 528 528 528 528 528 528 528 528 528 528 528 528 528 528 528 528 528 528 528 528 376 376 376 376 
376 376 376 376 528 528 528 528 528 528 528 528 528 528 528 528 528 528 528 528 528 528 528 528 528 528 528 528 528 528 528 528 376 376 544 544 544 544 544 544 544 544 544 544 544 544 544 376 376 528 528 528 528 528 528 528 528 528 528 528 528 347 347 347 347 347 347 347 347 347 347 528 528 528 528 528 528 528 528 528 528 528 347 347 347 347 347 347 347 347 347 528 528 528 528 528 528 528 528 528 528 528 528 528 528 528 528 528 528 528 528 528 528 528 528 528 528 528 528 528 528 528 528 528 376 376 376 376 
376 376 376 376 528 528 528 528 528 528 528 528 528 528 528 528 528 528 528 528 528 528 528 528 528 528 528 528 528 528 528 528 528 376 376 544 544 544 544 544 544 544 544 544 544 544 544 544 376 376 528 528 528 528 528 528 528 528 528 528 528 347 347 347 347 347 347 347 347 347 528 528 528 528 528 528 528 528 528 528 528 528 528 347 347 347 347 347 347 347 347 347 528 528 528 528 528 528 528 528 528 528 528 528 528 528 528 528 528 528 528 528 528 528 528 528 528 528 528 528 528 528 528 528 376 376 376 376 
376 376 376 376 528 528 528 528 528 528 528 528 528 528 528 528 528 528 528 528 528 528 528 528 528 528 528 528 528 528 528 528 528 376 376 376 544 544 544 544 544 544 544 544 544 544 544 544 544 376 528 528 528 528 528 528 528 528 528 528 347 347 347 347 347 347 347 347 347 528 528 528 528 528 528 528 528 528 528 528 528 528 528 528 347 347 347 347 347 347 347 347 528 528 528 528 528 528 528 528 528 528 528 528 528 528 528 528 528 528 528 528 528 528 528 528 528 528 528 528 528 528 528 528 376 376 376 383 
376 376 376 376 528 528 528 528 528 528 528 528 528 528 528 528 528 528 528 528 528 528 528 528 528 528 528 528 528 528 528 528 528 528 376 376 544 544 544 544 544 544 544 544 544 544 544 544 544 376 376 528 528 528 528 528 528 528 528 528 347 347 347 347 347 347 347 347 528 528 528 528 528 528 528 528 528 528 528 528 528 528 528 528 347 347 347 347 347 347 347 347 347 528 528 528 528 528 528 528 528 528 528 528 528 528 528 528 528 528 528 528 528 528 528 528 528 528 528 528 528 528 528 528 376 376 376 383 
376 376 376 376 528 528 528 528 528 528 528 528 528 528 528 528 528 528 528 528 528 528 528 528 528 528 528 528 528 528 528 528 528 528 528 376 376 544 544 544 544 544 544 544 544 544 544 544 544 544 376 528 528 528 528 528 528 528 528 347 347 347 347 347 347 347 347 347 528 528 528 528 528 528 528 528 528 528 528 528 528 528 528 528 528 347 347 347 347 347 347 347 347 528 528 528 528 528 528 528 528 528 528 528 528 528 528 528 528 528 528 528 528 528 528 528 528 528 528 528 528 528 528 528 376 376 376 383 
376 376 376 376 528 528 528 528 528 528 528 528 528 528 528 528 528 528 528 528 528 528 528 528 528 528 528 528 528 528 528 528 528 528 528 528 376 376 544 544 544 544 544 544 544 544 544 544 544 544 376 376 528 528 528 528 528 528 347 347 347 347 347 347 347 347 347 528 528 528 528 528 528 528 528 528 528 528 528 528 528 528 528 528 528 528 347 347 347 347 347 347 347 347 528 528 528 528 528 528 528 528 528 528 528 528 528 528 528 528 528 528 528 528 528 528 528 528 528 528 528 528 528 528 376 376 376 383 
376 376 376 376 528 528 528 528 528 528 528 528 528 528 528 528 528 528 528 528 528 528 528 528 528 528 528 528 528 528 528 528 528 528 528 528 376 376 376 544 544 544 544 544 544 544 544 544 544 544 376 376 528 528 528 528 347 347 347 347 347 347 347 347 347 347 347 528 528 528 528 528 528 528 528 528 528 528 528 528 528 528 528 528 528 528 347 347 347 347 347 347 347 347 528 528 528 528 528 528 528 528 528 528 528 528 528 528 528 528 528 528 528 528 528 528 528 528 528 528 528 528 528 528 376 376 376 383 
376 376 376 376 528 528 528 528 528 528 528 528 528 528 528 528 528 528 528 528 528 528 528 528 528 528 528 528 528 528 528 528 528 528 528 528 528 376 376 376 544 544 544 544 544 544 544 544 544 544 376 376 528 528 347 347 347 347 347 347 347 347 347 347 347 347 528 528 528 528 528 528 528 528 528 528 528 528 528 528 528 528 528 528 528 528 528 347 347 347 347 347 347 347 347 528 528 528 528 528 528 528 528 528 528 528 528 528 528 528 528 528 528 528 528 528 528 528 528 528 528 528 528 528 376 376 376 383 
376 376 376 376 528 528 528 528 528 528 528 528 528 528 528 528 528 528 528 528 528 528 528 528 528 528 528 528 528 528 528 528 528 528 528 528 528 528 376 376 376 544 544 544 544 544 544 544 544 544 544 267 267 347 347 347 347 347 347 347 347 347 347 347 347 528 528 528 528 528 528 528 528 528 528 528 528 528 528 528 528 528 528 528 528 528 528 347 347 347 347 347 347 347 347 528 528 528 528 528 528 528 528 528 528 528 528 528 528 528 528 528 528 528 528 528 528 528 528 528 528 528 528 528 376 376 376 376 
376 376 376 376 528 528 528 528 528 528 528 528 528 528 528 528 528 528 528 528 528 528 528 528 528 528 528 528 528 528 528 528 528 528 528 528 528 528 376 376 376 544 544 544 544 544 544 544 267 267 267 358 358 358 347 347 347 347 347 347 347 347 347 347 528 528 528 528 528 528 528 528 528 528 528 528 528 528 528 528 528 528 528 528 528 528 528 347 347 347 347 347 347 347 347 528 528 528 528 528 528 528 528 528 528 528 528 528 528 528 528 528 528 528 528 528 528 528 528 528 528 528 528 528 376 376 376 376 
376 376 376 376 528 528 528 528 528 528 528 528 528 528 528 528 528 528 528 528 528 528 528 528 528 528 528 528 528 528 528 528 528 528 528 528 528 528 528 376 376 544 544 544 544 544 267 267 358 358 358 358 358 358 347 347 347 347 347 347 347 347 347 528 528 528 528 528 528 528 528 528 528 528 528 528 528 528 528 528 528 528 528 528 528 528 528 528 347 347 347 347 347 347 347 347 528 528 528 528 528 528 528 528 528 528 528 528 528 528 528 528 528 528 528 528 528 528 528 528 528 528 528 528 376 376 376 376 
376 376 376 376 528 528 528 528 528 528 528 528 528 528 528 528 528 528 528 528 528 528 528 528 528 528 528 528 528 528 528 528 528 528 528 528 528 528 528 376 376 544 544 267 267 267 358 358 358 358 358 358 358 358 358 347 347 347 347 347 347 528 528 528 528 528 528 528 528 528 528 528 528 528 528 528 528 528 528 528 528 528 528 528 528 528 528 528 347 347 347 347 347 347 347 347 528 528 528 528 528 528 528 528 528 528 528 528 528 528 528 528 528 528 528 528 528 528 528 528 528 528 528 528 376 376 376 376 
376 376 376 376 528 528 528 528 528 528 528 528 528 528 528 528 528 528 528 528 528 528 528 528 528 528 528 528 528 528 528 528 528 528 528 528 528 528 528 528 267 267 267 358 358 358 358 358 358 358 358 358 358 358 358 347 347 347 347 347 528 528 528 528 528 528 528 528 528 528 528 528 528 528 528 528 528 528 528 528 528 528 528 528 528 528 528 528 347 347 347 347 347 347 347 347 347 528 528 528 528 528 528 528 528 528 528 528 528 528 528 528 528 528 528 528 528 528 528 528 528 528 528 528 376 376 376 376 
376 376 376 376 528 528 528 528 528 528 528 528 528 528 528 528 528 528 528 528 528 528 528 528 528 528 528 528 528 528 528 528 528 528 528 528 528 347 347 347 358 358 358 358 358 358 358 358 358 358 358 358 358 358 358 358 347 347 347 528 528 528 528 528 528 528 528 528 528 528 528 528 528 528 528 528 528 528 528 528 528 528 528 528 528 528 528 528 528 347 347 347 347 347 347 347 347 528 528 528 528 528 528 528 528 528 528 528 528 528 528 528 528 528 528 528 528 528 528 528 528 528 528 528 376 376 376 376 
376 376 376 376 528 528 528 528 528 528 528 528 528 528 528 528 528 528 528 528 528 528 528 528 528 528 528 528 528 528 528 528 528 528 347 347 347 347 347 347 358 358 358 358 358 358 358 358 358 358 358 358 358 358 358 358 267 528 528 528 528 528 528 528 528 528 528 528 528 528 528 528 528 528 528 528 528 528 528 528 528 528 528 528 528 528 528 528 528 347 347 347 347 347 347 347 347 347 528 528 528 528 528 528 528 528 528 528 528 528 528 528 528 528 528 528 528 528 528 528 528 528 528 528 376 376 376 376 
376 376 376 376 528 528 528 528 528 528 528 528 528 528 528 528 528 528 528 528 528 528 528 528 528 528 528 528 528 528 528 528 347 347 347 347 347 347 347 347 358 358 358 358 358 358 358 358 358 358 358 358 358 358 267 267 376 528 528 528 528 528 528 528 528 528 528 528 528 528 528 528 528 528 528 528 528 528 528 528 528 528 528 528 528 528 528 528 528 528 347 347 347 347 347 347 347 347 528 528 528 528 528 528 528 528 528 528 528 528 528 528 528 528 528 528 528 528 528 528 528 528 528 376 376 376 376 383 
376 376 376 376 528 528 528 528 528 528 528 528 528 528 528 528 528 528 528 528 528 528 528 528 528 528 528 528 528 528 528 347 347 347 347 347 347 347 347 347 347 358 358 358 358 358 358 358 358 358 358 267 267 267 544 376 376 528 528 528 528 528 528 528 528 528 528 528 528 528 528 528 528 528 528 528 528 528 528 528 528 528 528 528 528 528 528 528 528 528 347 347 347 347 347 347 347 347 347 528 528 528 528 528 528 528 528 528 528 528 528 528 528 528 528 528 528 528 528 528 528 528 376 376 376 376 376 383 
376 376 376 376 528 528 528 528 528 528 528 528 528 528 528 528 528 528 528 528 528 528 528 528 528 528 528 528 528 347 347 347 347 347 347 347 347 347 347 347 347 358 358 358 358 358 358 358 358 267 267 544 544 544 544 376 376 376 528 528 528 528 528 528 528 528 528 528 528 528 528 528 528 528 528 528 528 528 528 528 528 528 528 528 528 528 528 528 528 528 528 347 347 347 347 347 347 347 347 528 528 528 528 528 528 528 528 528 528 528 528 528 528 528 528 528 528 528 528 528 528 528 376 376 376 376 383 383 
376 376 376 376 528 528 528 528 528 528 528 528 528 528 528 528 528 528 528 528 528 528 528 528 528 528 528 347 347 347 347 347 347 347 347 347 347 347 347 347 347 358 358 358 358 358 267 267 267 544 544 544 544 544 544 376 376 376 376 528 528 528 528 528 528 528 528 528 528 528 528 528 528 528 528 528 528 528 528 528 528 528 528 528 528 528 528 528 528 528 528 347 347 347 347 347 347 347 347 347 528 528 528 528 528 528 528 528 528 528 528 528 528 528 528 528 528 528 528 528 528 376 376 376 376 376 383 383 
376 376 376 376 528 528 528 528 528 528 528 528 528 528 528 528 528 528 528 528 528 528 528 528 528 347 347 347 347 347 347 347 347 347 347 347 347 347 347 347 347 347 267 267 267 267 544 544 544 544 544 544 544 544 544 544 376 376 376 376 376 528 528 528 528 528 376 376 544 544 544 544 544 544 544 544 544 528 528 528 528 528 528 528 528 528 528 528 528 528 528 528 347 347 347 347 347 347 347 347 347 528 528 528 528 528 528 528 528 528 528 528 528 528 528 528 528 528 528 528 528 376 376 376 376 383 383 383 
376 376 376 376 528 528 528 528 528 528 528 528 528 528 528 528 528 528 528 528 528 528 528 528 347 347 347 347 347 347 347 347 347 347 347 347 347 347 347 528 528 528 376 376 376 544 544 544 544 544 544 544 544 544 544 544 376 376 376 376 376 376 376 376 376 376 544 544 544 544 544 544 544 544 544 544 544 544 528 528 528 528 528 528 528 528 528 528 528 528 528 528 528 347 347 347 347 347 347 347 347 347 528 528 528 528 528 528 528 528 528 528 528 528 528 528 528 528 528 528 528 376 376 383 383 383 383 383 
376 376 376 376 528 528 528 528 528 528 528 528 528 528 528 528 528 528 528 528 528 528 347 347 347 347 347 347 347 347 347 347 347 347 347 347 347 528 528 528 528 528 376 376 376 376 544 544 544 544 544 544 544 544 544 544 544 544 376 376 376 376 376 376 544 544 544 544 544 544 544 544 544 544 544 544 544 544 544 528 528 528 528 528 528 528 528 528 528 528 528 528 528 347 347 347 347 347 347 347 347 347 528 528 528 528 528 528 528 528 528 528 528 528 528 528 528 528 528 528 528 376 376 383 383 383 383 383 
376 376 376 376 528 528 528 528 528 528 528 528 528 528 528 528 528 528 528 528 528 347 347 347 347 347 347 347 347 347 347 347 347 347 347 528 528 528 528 528 528 528 376 376 376 376 544 544 544 544 544 544 544 544 544 544 544 544 544 544 544 544 544 544 544 544 544 544 544 544 544 544 544 544 544 544 544 544 544 544 528 528 528 528 528 528 528 528 528 528 528 528 528 528 347 347 347 347 347 347 347 347 347 528 528 528 528 528 528 528 528 528 528 528 528 528 528 528 528 528 528 376 376 376 383 383 383 383 
376 376 376 376 528 528 528 528 528 528 528 528 528 528 528 528 528 528 528 528 347 347 347 347 347 347 347 347 347 347 347 347 347 528 528 528 528 528 528 528 528 528 376 376 376 376 544 544 544 544 544 544 544 544 544 544 544 544 544 544 544 544 544 544 544 544 544 544 544 544 544 544 544 544 544 544 544 544 544 544 544 528 528 528 528 528 528 528 528 528 528 528 528 528 528 347 347 347 347 347 347 347 347 347 528 528 528 528 528 528 528 528 528 528 528 528 528 528 528 528 528 376 376 376 383 383 383 383 
376 376 376 376 528 528 528 528 528 528 528 528 528 528 528 528 528 528 528 347 347 347 347 347 347 347 347 347 347 347 347 347 528 528 528 528 528 528 528 528 528 528 376 376 376 376 544 544 544 544 544 544 544 544 544 544 544 544 544 544 544 544 544 544 544 544 544 544 544 544 544 544 544 544 544 544 544 544 544 544 544 528 528 528 528 528 528 528 528 528 528 528 528 528 528 528 347 347 347 347 347 347 347 347 347 528 528 528 528 528 528 528 528 528 528 528 528 528 528 528 376 376 376 376 376 383 383 383 
376 376 376 376 528 528 528 528 528 528 528 528 528 528 528 528 528 528 347 347 347 347 347 347 347 347 347 347 347 528 528 528 528 528 528 528 528 528 528 528 528 528 376 376 376 376 544 544 544 544 544 544 544 544 544 544 544 544 544 544 544 544 544 544 544 544 544 544 544 544 544 544 544 544 544 544 544 544 544 544 544 544 528 528 528 528 528 528 528 528 528 528 528 528 528 528 347 347 347 347 347 347 347 347 347 347 347 528 528 528 528 528 528 528 528 528 528 528 528 528 376 376 376 376 376 376 383 383 
376 376 376 376 528 528 528 528 528 528 528 528 528 528 528 528 528 347 347 347 347 347 347 347 347 347 347 528 528 528 528 528 528 528 528 528 528 528 528 528 528 528 376 376 376 544 544 544 544 544 544 544 544 544 544 544 544 544 544 544 544 544 544 544 544 544 544 544 544 544 544 544 544 544 544 544 544 544 544 544 544 544 528 528 528 528 528 528 528 528 528 528 528 528 528 528 528 347 347 347 347 347 347 347 347 347 347 347 347 347 347 347 528 528 528 528 528 528 528 528 376 376 376 376 376 376 376 383 
376 376 376 376 528 528 528 528 528 528 528 528 528 528 528 528 347 347 347 347 347 347 347 347 347 347 528 528 528 528 528 528 528 528 528 528 528 528 528 528 528 528 376 376 376 544 544 544 544 544 544 544 544 544 544 544 544 544 544 544 544 544 544 544 544 544 544 544 544 544 544 544 544 544 544 544 544 544 544 544 544 544 528 528 528 528 528 528 528 528 528 528 528 528 528 528 528 528 347 347 347 347 347 347 347 347 347 347 347 347 347 347 347 528 528 528 528 528 528 528 376 376 376 376 376 376 376 383 
376 376 376 376 528 528 528 528 528 528 528 528 528 528 528 528 347 347 347 347 347 347 347 347 347 528 528 528 528 528 528 528 528 528 528 528 528 528 528 528 528 376 376 376 544 544 544 544 544 544 544 544 544 544 544 544 544 544 544 544 544 544 544 544 544 544 544 544 544 544 544 544 544 544 544 544 544 544 544 544 544 544 528 528 528 528 528 528 528 528 528 528 528 528 528 528 528 528 528 347 347 347 347 347 347 347 347 347 347 347 347 347 347 347 528 528 528 528 528 528 376 376 376 376 376 376 376 383 
376 376 376 376 528 528 528 528 528 528 528 528 528 528 528 347 347 347 347 347 347 347 347 347 528 528 528 528 528 528 528 528 528 528 528 528 528 528 528 528 528 376 376 376 544 544 544 544 544 544 544 544 544 544 544 544 544 544 544 544 544 544 544 544 544 544 544 544 544 544 544 544 544 544 544 544 544 544 544 544 544 544 528 528 528 528 528 528 528 528 528 528 528 528 528 528 528 528 528 528 347 347 347 347 347 347 347 347 347 347 347 347 347 347 347 528 528 528 528 528 376 376 376 376 376 376 376 383 
376 376 376 376 528 528 528 528 528 528 528 528 528 528 347 347 347 347 347 347 347 347 347 528 528 528 528 528 528 528 528 528 528 528 528 528 528 528 528 528 376 376 544 544 544 544 544 544 544 544 544 544 544 544 544 544 544 544 544 544 544 544 544 544 544 544 544 544 544 544 544 544 544 544 544 544 544 544 544 544 544 544 528 528 528 528 528 528 528 528 528 528 528 528 528 528 528 528 528 528 528 347 347 347 347 347 347 347 347 347 347 347 347 347 347 347 528 528 528 528 376 376 376 376 376 376 376 383 
376 376 376 376 528 528 528 528 528 528 528 528 528 347 347 347 347 347 347 347 347 347 528 528 528 528 528 528 528 528 528 528 528 528 528 528 528 528 528 528 376 544 544 544 544 544 544 544 544 544 544 544 544 544 544 544 544 544 544 544 544 544 544 544 544 544 544 544 544 544 544 544 544 544 544 544 544 544 544 544 544 544 528 528 528 528 528 528 528 528 528 528 528 528 528 528 528 528 528 528 528 528 347 347 347 347 347 347 347 347 347 347 347 347 347 347 528 528 528 528 376 376 376 376 376 376 383 383 
376 376 376 376 528 528 528 528 528 528 528 528 528 347 347 347 347 347 347 347 347 347 528 528 528 528 528 528 528 528 528 528 528 528 528 528 528 528 528 376 544 544 544 544 544 544 544 544 544 544 544 544 544 544 544 544 544 544 544 544 544 544 544 544 544 544 544 544 544 544 544 544 544 544 544 544 544 544 544 544 544 544 544 528 528 528 528 528 528 528 528 528 528 528 528 528 528 528 528 528 528 528 528 347 347 347 347 347 347 347 347 347 347 347 347 347 528 528 528 528 376 376 376 376 383 383 383 383 
376 376 376 376 528 528 528 528 528 528 528 528 347 347 347 347 347 347 347 347 347 528 528 528 528 528 528 528 528 528 528 528 528 528 528 528 528 528 528 544 544 544 544 544 544 544 544 544 544 544 544 544 544 544 544 544 544 544 544 544 544 544 544 544 544 544 544 544 544 544 544 544 544 544 544 544 544 544 544 544 544 544 544 528 528 528 528 528 528 528 528 528 528 528 528 528 528 528 528 528 528 528 528 528 528 347 347 347 347 347 347 347 347 347 347 347 528 528 528 528 376 376 376 376 383 383 383 383 
376 376 376 376 528 528 528 528 528 528 528 528 347 347 347 347 347 347 347 347 528 528 528 528 528 528 528 528 528 528 528 528 528 528 528 528 528 528 544 544 544 544 544 544 544 544 544 544 544 544 544 544 544 544 544 544 544 544 544 544 544 544 544 544 544 544 544 544 544 544 544 544 544 544 544 544 544 544 544 544 544 544 544 544 528 528 528 528 528 528 528 528 528 528 528 528 528 528 528 528 528 528 528 528 528 347 347 347 347 347 347 347 347 347 347 347 528 528 528 528 528 376 376 376 383 383 383 383 
376 376 376 376 528 528 528 528 528 528 528 528 347 347 347 347 347 347 347 347 528 528 528 528 528 528 528 528 528 528 528 528 528 528 528 528 528 544 544 544 544 544 544 544 544 544 544 544 544 544 544 544 544 544 544 544 544 544 544 544 544 544 544 544 544 544 544 544 544 544 544 544 544 544 544 544 544 544 544 544 544 544 544 544 544 544 528 528 528 528 528 528 528 528 528 528 528 528 528 528 528 528 528 528 528 528 347 347 347 347 347 347 347 347 347 347 528 528 528 528 528 376 376 376 376 376 383 383 
376 376 376 376 528 528 528 528 528 528 528 528 347 347 347 347 347 347 347 528 528 528 528 528 528 528 528 528 528 528 528 528 528 528 528 528 528 544 544 544 544 544 544 544 544 544 544 544 544 544 544 544 544 544 544 544 544 544 544 544 544 544 544 544 544 544 544 544 544 544 544 544 544 544 544 544 544 544 544 544 544 544 544 544 544 544 544 544 544 528 528 528 528 528 528 528 528 528 528 528 528 528 528 528 528 528 347 347 347 347 347 347 347 347 347 528 528 528 528 528 528 376 376 376 376 376 376 383 
376 376 376 376 528 528 528 528 528 528 528 347 347 347 347 347 347 347 347 528 528 528 528 528 528 528 528 528 528 528 528 528 528 528 528 528 544 544 544 544 544 544 544 544 544 544 544 544 544 544 544 544 544 544 544 544 544 544 544 544 544 544 544 544 544 544 544 544 544 544 544 544 544 544 544 544 544 544 544 544 544 544 544 544 544 544 544 544 544 544 528 528 528 528 528 528 528 528 528 528 528 528 528 528 528 528 528 347 347 347 347 347 347 528 528 528 528 528 528 528 528 376 376 376 376 376 376 383 
376 376 376 376 528 528 528 528 528 528 528 347 347 347 347 347 347 347 347 528 528 528 528 528 528 528 528 528 528 528 528 528 528 528 528 528 544 544 544 544 544 544 544 544 544 544 544 544 544 544 544 544 544 544 544 544 544 544 544 544 544 544 544 544 544 544 544 544 544 544 544 544 544 544 544 544 544 544 544 544 544 544 544 544 544 544 544 544 544 544 544 544 528 528 528 528 528 528 528 528 528 528 528 528 528 528 528 528 528 528 528 528 528 528 528 528 528 528 528 528 528 376 376 376 376 376 383 383 
376 376 376 376 528 528 528 528 528 528 528 347 347 347 347 347 347 347 528 528 528 528 528 528 528 528 528 528 528 528 528 528 528 528 528 528 544 544 544 544 544 544 544 544 544 544 544 544 544 544 544 544 544 544 544 544 544 544 544 544 544 544 544 544 544 544 544 544 544 544 544 544 544 544 544 544 544 544 544 544 544 544 544 544 544 544 544 544 544 544 544 544 544 544 528 528 528 528 528 528 528 528 528 528 528 528 528 528 528 528 528 528 528 528 528 528 528 528 528 528 528 376 376 376 376 376 383 383 
376 376 376 376 528 528 528 528 528 528 528 347 347 347 347 347 347 347 528 528 528 528 528 528 528 528 528 528 528 528 528 528 528 528 528 528 544 544 544 544 544 544 544 544 544 544 544 544 544 544 544 544 544 544 544 544 544 544 544 544 544 544 544 544 544 544 544 544 544 544 544 544 544 544 544 544 544 544 544 544 544 544 544 544 544 544 544 544 544 544 544 544 544 544 544 528 528 528 528 528 528 528 528 528 528 528 528 528 528 528 528 528 528 528 528 528 528 528 528 528 528 376 376 376 376 376 383 383 
376 376 376 376 528 528 528 528 528 528 528 347 347 347 347 347 347 347 528 528 528 528 528 528 528 528 528 528 528 528 528 528 528 528 528 528 544 544 544 544 544 544 544 544 544 544 544 544 544 544 544 544 544 544 544 544 544 544 544 544 544 544 544 544 544 544 544 544 544 544 544 544 544 544 544 544 544 544 544 544 544 544 544 544 544 544 544 544 544 544 544 544 544 544 544 544 544 528 528 528 528 528 528 528 528 528 528 528 528 528 528 528 528 528 528 528 528 528 528 528 528 376 376 376 376 376 383 383 
376 376 376 376 528 528 528 528 528 528 528 347 347 347 347 347 347 347 528 528 528 528 528 528 528 528 528 528 528 528 528 528 528 528 528 528 544 544 544 544 544 544 544 544 544 544 544 544 544 544 544 544 544 544 544 544 544 544 544 544 544 544 544 544 544 544 544 544 544 544 544 544 544 544 544 544 544 544 544 544 544 544 544 544 544 544 544 544 544 544 544 544 544 544 544 544 544 544 528 528 528 528 528 528 528 528 528 528 528 528 528 528 528 528 528 528 528 528 528 528 528 376 376 376 376 376 383 383 
376 376 376 376 528 528 528 528 528 528 528 347 347 347 347 347 347 347 528 528 528 528 528 528 528 528 528 528 528 528 528 528 528 528 528 528 544 544 544 544 544 544 544 544 544 544 544 544 544 544 544 544 544 544 544 544 544 544 544 544 544 544 544 544 544 544 544 544 544 544 544 544 544 544 544 544 544 544 544 544 544 544 544 544 544 544 544 544 544 544 544 544 544 544 544 544 544 544 544 528 528 528 528 528 528 528 528 528 528 528 528 528 528 528 528 528 528 528 528 528 528 376 376 376 376 376 383 383 
376 376 376 376 528 528 528 528 528 528 528 347 347 347 347 347 347 347 528 528 528 528 528 528 528 528 528 528 528 528 528 528 528 528 528 528 544 544 544 544 544 544 544 544 544 544 544 544 544 544 544 544 544 544 544 544 544 544 544 544 544 544 544 544 544 544 544 544 544 544 544 544 544 544 544 544 544 544 544 544 544 544 544 544 544 544 544 544 544 544 544 544 544 544 544 544 544 544 544 528 528 528 528 528 528 528 528 528 528 528 528 528 528 528 528 528 528 528 528 528 528 376 376 376 376 383 383 383 
376 376 376 376 528 528 528 528 528 528 528 347 347 347 347 347 347 347 528 528 528 528 528 528 528 528 528 528 528 528 528 528 528 528 528 528 544 544 544 544 544 544 544 544 544 544 544 544 544 544 544 544 544 544 544 544 544 544 544 544 544 544 544 544 544 544 544 544 544 544 544 544 544 544 544 544 544 544 544 544 544 544 544 544 544 544 544 544 544 544 544 544 544 544 544 544 544 544 544 544 528 528 528 528 528 528 528 528 528 528 528 528 528 528 528 528 528 528 528 528 528 376 376 376 376 383 383 383 
376 376 376 376 528 528 528 528 528 528 528 347 347 347 347 347 347 347 347 528 528 528 528 528 528 528 528 528 528 528 528 528 528 528 528 528 528 544 544 544 544 544 544 544 544 544 544 544 544 544 544 544 544 544 544 544 544 544 544 544 544 544 544 544 544 544 544 544 544 544 544 544 544 544 544 544 544 544 544 544 544 544 544 544 544 544 544 544 544 544 544 544 544 544 544 544 544 544 544 544 544 528 528 528 528 528 528 528 528 528 528 528 528 528 528 528 528 528 528 528 528 376 376 376 376 383 383 383 
376 376 376 376 528 528 528 528 528 528 528 347 347 347 347 347 347 347 347 528 528 528 528 528 528 528 528 528 528 528 528 528 528 528 528 528 528 528 544 544 544 544 544 544 544 544 544 544 544 544 544 544 544 544 544 544 544 544 544 544 544 544 544 544 544 544 544 544 544 544 544 544 544 544 544 544 544 544 544 544 544 544 544 544 544 544 544 544 544 544 544 544 544 544 544 544 544 544 544 544 544 528 528 528 528 528 528 528 528 528 528 528 528 528 528 528 528 528 528 528 528 376 376 376 376 383 383 383 
376 376 376 376 528 528 528 528 528 528 528 347 347 347 347 347 347 347 347 528 528 528 528 528 528 528 528 528 528 528 528 528 528 528 528 528 528 528 528 544 544 544 544 544 544 544 544 544 544 544 544 544 544 544 544 544 544 544 544 544 544 544 544 544 544 544 544 544 544 544 544 544 544 544 544 544 544 544 544 544 544 544 544 544 544 544 544 544 544 544 544 544 544 544 544 544 544 544 544 544 544 528 528 528 528 528 528 528 528 528 528 528 528 528 528 528 528 528 528 528 528 376 376 376 376 383 383 383 
376 376 376 376 528 528 528 528 528 528 528 528 347 347 347 347 347 347 347 528 528 528 528 528 528 528 528 528 528 528 528 528 528 528 528 528 528 528 528 528 528 528 544 544 544 544 544 544 544 544 544 544 544 544 544 544 544 544 544 544 544 544 544 544 544 544 544 544 544 544 544 544 544 544 544 544 544 544 544 544 544 544 544 544 544 544 544 544 544 544 544 544 544 544 544 544 544 544 544 544 544 528 528 528 528 528 528 528 528 528 528 528 528 528 528 528 528 528 528 528 528 376 376 376 376 383 383 383 
376 376 376 376 528 528 528 528 528 528 528 528 347 347 347 347 347 347 347 347 528 528 528 528 528 528 528 528 528 528 528 528 528 528 528 528 528 528 528 528 528 528 528 528 528 544 544 544 544 544 544 544 544 544 544 544 544 544 544 544 544 544 544 544 544 544 544 544 544 544 544 544 544 544 544 544 544 544 544 544 544 544 544 544 544 544 544 544 544 544 544 544 544 544 544 544 544 544 544 544 544 528 528 528 528 528 528 528 528 528 528 528 528 528 528 528 528 528 528 528 376 376 376 376 376 383 383 383 
376 376 376 376 528 528 528 528 528 528 528 528 347 347 347 347 347 347 347 347 347 528 528 528 528 528 528 528 528 528 528 528 528 528 528 528 528 528 528 528 528 528 528 528 528 528 528 528 528 528 528 528 544 544 544 544 544 544 544 544 544 544 544 528 528 528 528 528 528 528 528 528 544 544 544 544 544 544 544 544 544 544 544 544 544 544 544 544 544 544 544 544 544 544 544 544 544 544 544 544 544 528 528 528 528 528 528 528 528 528 528 528 528 528 528 528 528 528 528 528 376 376 376 376 376 383 383 383 
376 376 376 376 528 528 528 528 528 528 528 528 528 347 347 347 347 347 347 347 347 528 528 528 528 528 528 528 528 528 528 528 528 528 528 528 528 528 528 528 528 528 528 528 528 528 528 528 528 528 528 528 528 528 528 528 528 528 528 528 528 528 528 528 528 528 528 528 528 528 528 528 528 528 528 544 544 544 544 544 544 544 544 544 544 544 544 544 544 544 544 544 544 544 544 544 544 544 544 544 544 528 528 528 528 528 528 528 528 528 528 528 528 528 528 528 528 528 528 376 376 376 376 376 383 383 383 383 
376 376 376 376 528 528 528 528 528 528 528 528 528 347 347 347 347 347 347 347 347 528 528 528 528 528 528 528 528 528 528 528 528 528 528 528 528 528 528 528 528 528 528 528 528 528 528 528 528 528 528 528 528 528 528 528 528 528 528 528 528 528 528 528 528 528 528 528 528 528 528 528 528 528 528 528 528 528 528 528 544 544 544 544 544 544 544 544 544 544 544 544 544 544 544 544 544 544 544 544 544 528 528 528 528 528 528 528 528 528 528 528 528 528 528 528 528 528 528 376 376 376 376 383 383 383 383 383 
376 376 376 376 528 528 528 528 528 528 528 528 528 528 347 347 347 347 347 347 347 347 347 528 528 528 528 528 528 528 528 528 528 528 528 528 528 528 528 528 528 528 528 528 528 528 528 528 528 528 528 528 528 528 528 528 528 528 528 528 528 528 528 528 528 528 528 528 528 528 528 528 528 528 528 528 528 528 528 528 528 528 544 544 544 544 544 544 544 544 544 544 544 544 544 544 544 544 544 544 528 528 528 528 528 528 528 528 528 528 528 528 528 528 528 528 528 528 376 376 376 376 383 383 383 383 383 383 
376 376 376 376 528 528 528 528 528 528 528 528 528 528 347 347 347 347 347 347 347 347 347 347 528 528 528 528 528 528 528 528 528 528 528 528 528 528 528 528 528 528 528 528 528 528 528 528 528 528 528 528 528 528 528 528 528 528 528 528 528 528 528 528 528 528 528 528 528 528 528 528 528 528 528 528 528 528 528 528 528 528 528 544 544 544 544 544 544 544 544 544 544 544 544 544 544 544 544 528 528 528 528 528 528 528 528 528 528 528 528 528 528 528 528 528 528 528 376 376 376 376 383 383 383 383 383 383 
376 376 376 376 528 528 528 528 528 528 528 528 528 528 528 347 347 347 347 347 347 347 347 347 347 528 528 528 528 528 528 528 528 528 528 528 528 528 528 528 528 528 528 528 528 528 528 528 528 528 528 528 528 528 528 528 528 528 528 528 528 528 528 528 528 528 528 528 528 528 528 528 528 528 528 528 528 528 528 528 528 528 528 528 544 544 544 544 544 544 544 544 544 544 544 544 544 528 528 528 528 528 528 528 528 528 528 528 528 528 528 528 528 528 528 528 528 376 376 376 376 376 383 383 383 383 383 383 
376 376 376 376 528 528 528 528 528 528 528 528 528 528 528 528 347 347 347 347 347 347 347 347 347 347 347 347 528 528 528 528 528 528 528 528 528 528 528 528 347 347 347 347 347 347 528 528 528 528 528 528 528 528 528 528 528 528 528 528 528 528 528 528 528 528 528 528 528 528 528 528 528 528 528 528 528 528 528 528 528 528 528 528 528 528 528 528 528 528 528 528 528 528 528 528 528 528 528 528 528 528 528 528 528 528 528 528 528 528 528 528 528 528 528 528 376 376 376 376 376 376 383 383 383 383 383 383 
376 376 376 376 528 528 528 528 528 528 528 528 528 528 528 528 528 347 347 347 347 347 347 347 347 347 347 347 347 347 347 347 347 528 528 528 347 347 347 347 347 347 347 347 347 347 347 528 528 528 528 528 528 528 528 528 528 528 528 528 528 528 528 528 528 528 528 528 528 528 528 528 528 528 528 528 528 528 528 528 528 528 528 528 528 528 528 528 528 528 528 528 528 528 528 528 528 528 528 528 528 528 528 528 528 528 528 528 528 528 528 528 528 528 376 376 376 376 376 376 376 376 383 383 383 383 383 383 
376 376 376 376 528 528 528 528 528 528 528 528 528 528 528 528 528 528 347 347 347 347 347 347 347 347 347 347 347 347 347 347 347 347 347 347 347 347 347 347 347 347 347 347 347 347 347 347 528 528 528 528 528 528 528 528 528 528 528 528 528 528 528 528 528 528 528 528 528 528 528 528 528 528 528 528 528 528 528 528 528 528 528 528 528 528 528 528 528 528 528 528 528 528 528 528 528 528 528 528 528 528 528 528 528 528 528 528 376 376 376 376 376 376 376 376 376 376 376 376 376 383 383 383 383 383 383 383 
376 376 376 376 528 528 528 528 528 528 528 528 528 528 528 528 528 528 528 347 347 347 347 347 347 347 347 347 347 347 347 347 347 347 347 347 347 347 347 347 347 347 347 347 347 347 347 347 528 528 528 528 528 528 528 528 528 528 528 528 528 528 528 528 528 528 528 528 528 528 528 528 528 528 528 528 528 528 528 528 528 528 528 528 528 528 528 528 528 528 528 528 528 528 528 528 528 528 528 528 528 528 528 528 528 376 376 376 376 376 376 376 376 376 376 376 376 376 376 376 383 383 383 383 383 383 383 383 
376 376 376 376 528 528 528 528 528 528 528 528 528 528 528 528 528 528 528 528 347 347 347 347 347 347 347 347 347 347 347 347 347 347 347 347 347 347 347 347 347 347 347 347 347 347 347 347 347 528 528 528 528 528 528 528 528 528 528 528 528 528 528 528 528 528 528 528 528 528 528 528 528 528 528 528 528 528 528 528 528 528 528 528 528 528 528 528 528 528 528 528 528 528 528 528 528 528 528 528 528 528 376 376 376 376 376 376 376 376 376 376 376 376 376 376 376 376 383 383 383 383 383 383 383 383 383 383 
376 376 376 376 376 528 528 528 528 528 528 528 528 528 528 528 528 528 528 528 528 347 347 347 347 347 347 347 347 347 347 347 347 347 347 347 347 347 347 347 347 347 347 347 347 347 347 347 347 528 528 528 528 528 528 528 528 528 528 528 528 528 528 528 528 528 528 528 528 528 528 528 528 528 528 528 528 528 528 528 528 528 528 528 528 528 528 528 528 528 528 528 528 528 528 528 528 528 528 528 528 376 376 376 376 376 376 376 376 376 376 376 376 376 376 376 376 383 383 383 383 383 383 383 383 383 383 383 
376 376 376 376 376 528 528 528 528 528 528 528 528 528 528 528 528 528 528 528 528 528 528 347 347 347 347 347 347 347 347 347 347 347 347 347 347 347 347 347 347 347 347 347 347 347 347 347 528 528 528 528 528 528 528 528 528 528 528 528 528 528 528 528 528 528 528 528 528 528 528 528 528 528 528 528 528 528 528 528 528 528 528 528 528 528 528 528 528 528 528 528 528 528 528 528 528 528 528 376 376 376 376 376 376 376 376 376 376 376 376 383 383 383 383 383 383 383 383 383 383 383 383 383 383 383 383 135 
376 376 376 376 376 376 528 528 528 528 528 528 528 528 528 528 528 528 528 528 528 528 528 528 528 347 347 347 347 347 347 347 347 347 347 347 347 347 347 347 347 347 347 347 347 347 347 347 528 528 528 528 528 528 528 528 528 528 528 528 528 528 528 528 528 528 528 528 528 528 528 528 528 528 528 528 528 528 528 528 528 528 528 528 528 528 528 528 528 528 528 528 528 528 528 528 528 376 376 376 376 376 376 376 376 376 376 376 376 376 376 376 383 383 383 383 383 383 383 383 383 383 383 383 383 383 383 135 
376 376 376 376 376 376 376 528 528 528 528 528 528 528 528 528 528 528 528 528 528 528 528 528 528 528 528 528 528 528 528 347 347 347 347 347 347 347 347 347 347 347 347 347 347 347 347 528 528 528 528 528 528 528 528 528 528 528 528 528 528 528 528 528 528 528 528 528 528 528 528 528 528 528 528 528 528 528 528 528 528 528 528 528 528 528 528 528 528 528 528 528 528 528 528 376 376 376 376 383 376 376 376 376 376 376 376 376 376 376 376 376 383 383 383 383 376 376 383 383 383 383 383 383 383 383 383 135 
383 376 376 376 376 376 376 376 528 528 528 528 528 528 528 528 528 528 528 528 528 528 528 528 528 528 528 528 528 528 528 528 528 528 528 528 347 347 347 347 347 347 347 347 347 347 528 528 528 528 528 528 528 528 528 528 528 528 528 528 528 528 528 528 528 528 528 528 528 528 528 528 528 528 528 528 528 528 528 528 528 528 528 528 528 528 528 528 528 528 528 376 376 376 376 376 376 376 383 383 383 383 376 376 376 376 376 376 376 376 376 376 376 376 376 376 376 376 376 383 383 383 383 383 383 383 135 135 
383 383 376 376 376 376 376 376 376 376 528 528 528 528 528 528 528 528 528 528 528 528 528 528 528 528 528 528 528 528 528 528 528 528 528 528 528 528 528 528 347 347 347 347 347 528 528 528 528 528 528 528 528 528 528 528 528 528 528 528 528 528 528 528 528 528 528 528 528 528 528 528 376 376 376 376 376 376 376 376 376 376 376 376 376 376 376 376 376 376 376 376 376 376 376 376 376 383 383 383 383 383 383 383 383 376 376 376 376 376 376 376 376 376 376 376 376 376 376 383 383 383 383 383 383 383 135 135 
383 383 383 383 383 383 376 376 376 376 376 528 528 528 528 528 528 528 528 528 528 528 528 528 528 528 528 528 528 528 528 528 528 528 528 528 528 528 528 528 528 528 528 528 528 528 528 528 528 528 528 528 528 528 528 528 528 528 528 528 528 528 376 376 376 376 376 376 376 376 376 376 376 376 376 376 376 376 376 376 376 376 376 376 376 376 376 376 376 376 376 376 376 376 376 376 376 383 383 383 383 383 383 383 383 383 383 383 383 376 376 376 376 376 376 376 376 383 383 383 383 383 383 383 383 383 135 135 
383 383 383 383 383 383 376 376 376 376 376 376 528 528 528 528 528 528 528 528 528 528 528 528 528 528 528 528 528 528 528 528 528 528 528 528 528 528 528 528 528 528 528 528 528 528 528 528 528 528 528 528 528 528 528 376 376 376 376 376 376 376 376 376 376 376 376 376 376 376 376 376 376 376 376 376 376 376 376 376 376 376 376 376 376 376 376 376 376 376 376 376 376 376 376 376 383 383 383 383 383 383 383 383 383 383 383 383 383 383 383 383 383 383 383 383 383 383 383 383 383 383 383 383 383 135 135 135 
383 383 383 383 383 376 376 376 376 376 376 376 376 376 528 528 528 528 528 528 528 528 528 528 528 528 528 528 528 528 528 528 528 528 528 528 528 528 528 528 528 528 528 528 528 528 528 528 376 376 376 376 376 376 376 376 376 376 376 376 376 376 376 376 376 376 376 376 376 376 376 376 376 376 376 376 376 376 376 376 376 376 376 376 376 376 376 376 376 376 376 376 376 376 383 383 383 383 383 383 383 383 383 383 383 383 383 383 383 383 383 383 383 383 383 383 383 383 383 383 383 383 383 383 383 135 135 135 
383 383 383 383 383 376 376 376 376 376 376 376 376 376 376 376 528 528 528 528 528 528 528 528 528 528 528 528 528 528 528 528 528 528 528 528 528 528 528 528 528 528 528 528 376 376 376 376 376 376 376 376 376 376 376 376 376 376 376 376 376 376 376 376 376 376 376 376 376 376 376 376 376 376 376 376 376 376 376 376 376 376 376 376 376 376 383 383 383 383 383 383 383 383 383 383 383 383 383 383 383 383 383 383 383 383 383 383 383 383 383 383 383 383 383 383 383 383 383 383 383 383 383 383 383 135 135 135 
383 383 383 383 383 376 376 376 376 376 376 376 376 376 376 376 376 376 376 376 376 376 528 528 528 528 528 528 528 528 528 528 528 528 528 528 528 528 528 528 376 376 376 376 376 376 376 376 376 376 376 376 376 376 376 376 376 376 376 376 376 376 376 376 376 376 376 376 376 376 376 376 376 376 376 376 376 376 376 376 376 376 376 376 376 376 383 383 383 383 383 383 383 383 383 383 383 383 383 383 383 383 383 383 383 383 383 383 383 383 383 383 383 383 383 383 383 383 383 383 383 383 383 383 383 135 135 135 
383 383 383 383 383 383 383 376 376 376 376 376 376 376 376 376 376 376 376 376 376 376 376 376 376 376 376 376 376 376 376 376 376 376 376 376 376 376 376 376 376 376 376 376 376 376 376 376 376 376 376 376 376 376 376 383 383 376 376 376 376 376 376 376 376 376 376 376 376 376 376 376 376 376 383 383 383 383 383 376 376 376 376 376 376 376 383 383 383 383 383 383 383 383 383 383 383 383 383 383 383 383 383 383 383 383 383 383 383 383 383 383 383 383 383 383 383 383 383 383 383 383 383 383 135 135 135 135 
383 383 383 383 383 383 383 383 383 383 383 383 383 383 376 376 376 376 376 376 376 376 376 376 376 376 376 376 376 376 376 376 376 376 376 376 376 376 376 376 376 376 376 376 376 376 376 376 376 376 376 376 383 383 383 383 383 376 376 376 376 376 376 376 376 376 376 376 376 376 376 376 376 383 383 383 383 383 383 383 383 383 383 383 383 383 383 383 383 383 383 383 383 383 383 383 383 383 383 383 383 135 135 135 135 135 135 135 135 383 383 383 383 383 383 383 383 383 383 383 383 383 383 135 135 135 135 135 
383 383 383 383 383 383 383 383 383 383 383 383 383 383 383 376 376 376 376 376 376 376 376 376 376 376 376 376 376 376 376 376 376 376 376 376 376 376 376 376 376 376 376 376 376 376 376 376 376 383 383 383 383 383 383 383 383 383 383 383 383 383 376 376 376 376 376 376 376 376 383 383 383 383 383 383 383 383 383 383 383 383 383 383 383 383 383 383 383 383 383 383 383 383 383 383 383 383 383 383 383 135 135 135 135 135 135 135 135 135 135 135 383 383 383 383 383 383 135 135 135 135 135 135 135 135 135 135 
383 383 383 383 383 383 383 383 383 383 383 383 383 383 383 383 383 383 383 383 383 383 383 383 383 383 376 376 376 376 376 376 376 383 383 383 383 383 383 383 376 376 376 376 376 376 376 383 383 383 383 383 383 383 383 383 383 383 383 383 383 383 383 383 383 383 383 383 383 383 383 383 383 383 383 383 383 383 383 383 383 383 383 383 383 383 383 383 383 383 383 383 383 383 135 135 135 135 135 135 135 135 135 135 135 135 135 135 135 135 135 135 135 135 135 135 135 135 135 135 135 135 135 135 135 135 135 135 