attack_down_4
11
10
-5
-7
2
2
  -1   -1   -1   -1   -1  623   -1   -1   -1   -1   -1 
  -1   -1   -1   -1   -1  718   -1   -1   -1   -1   -1 
  -1   -1   -1   -1    4  358    4   -1   -1   -1   -1 
  -1   -1   -1   -1    4  316    4   -1   -1   -1   -1 
  -1   -1   -1   -1   -1  316   -1   -1   -1   -1   -1 
  -1   -1   -1   -1   -1  316   -1   -1   -1   -1   -1 
  -1   -1   -1   -1  316   -2    4   -1   -1   -1   -1 
  -1   -1   -1   -2  316   -2    4   -2   -1   -1   -1 
  -1   -1   -1   -1   -2   -2   -2   -1   -1   -1   -1 
  -1   -1   -1   -1   -1   -1   -1   -1   -1   -1   -1 

  -1   -1   -1   -1   -1   -1   -1   -1   -1   -1   -1 
  -1   -1   -1   -1   -1   15   -1   -1   -1   -1   -1 
  -1   -1   -1   -1   -1   15   -1   -1   -1   -1   -1 
  -1   -1   -1   -1   -1   15   -1   -1   -1   -1   -1 
  -1   -1   -1   -1    4   15    4   -1   -1   -1   -1 
  -1   -1   -1   -1   -1   15   -1   -1   -1   -1   -1 
  -1   -1   -1   -1    4  623  316   -1   -1   -1   -1 
  -1   -1   -1   -2    4  623  316   -2   -1   -1   -1 
  -1   -1   -1   -1   -2   -2   -2   -1   -1   -1   -1 
  -1   -1   -1   -1   -1   -2   -1   -1   -1   -1   -1 
