attack_left_4
11
10
-5
-7
2
2
  -1   -1   -1   -1   -1   -1   -1   -1   -1   -1   -1 
  -1   -1   -1   -1   -1   -1   -1   -1   -1   -1   -1 
  -1   -1   -1   -1   -1  358  718   -1   -1   -1   -1 
  -1   -1   -1   -1   -1    4   -1  368   -1   -1   -1 
  -1   -1   -1   -1   -1  316   -1   -1  368   -1   -1 
  -1   -1   -1   -1   -1  316   -1   -1   -1   -1   -1 
  -1   -1   -1   -1    4   -2  316   -2   -1   -1   -1 
  -1   -1   -1   -2    4   -2  316   -2   -2   -1   -1 
  -1   -1   -1   -1   -2   -2   -2   -2   -1   -1   -1 
  -1   -1   -1   -1   -1   -1   -1   -1   -1   -1   -1 

  -1   -1   -1   -1   -1   -1   -1   -1   -1   -1   -1 
  -1   -1   -1   15   15   15   15   -1   -1   -1   -1 
  -1   -1   15   15   15   15   15   15   -1   -1   -1 
  -1   15   15   15   15  718   -1   -1   15   -1   -1 
  -1   15   15   15   -1    4   -1   -1   -1   -1   -1 
  -1   15   15   15  718  316   -1   -1   -1   -1   -1 
  -1   -1   15  368  316   -2    4   -1   -1   -1   -1 
  -1   -2  368   -2  316   -2    4   -2   -1   -1   -1 
  -1   -1   -2   -2   -2   -2   -2   -1   -1   -1   -1 
  -1   -1   -1   -1   -1   -1   -1   -1   -1   -1   -1 
