attack_down_3
11
10
-5
-7
2
2
  -1   -1   -1   -1   -1   -1   -1   -1   -1   -1   -1 
  -1   -1   -1   -1   -1   -1   -1   -1   -1   -1   -1 
  -1   -1   -1   -1   -1  718   -1   -1   -1   -1   -1 
  -1   -1   -1   -1   -1    4  718   -1   -1   -1   -1 
  -1   -1  623  623  358  316   -1   -1   -1   -1   -1 
  -1   -1   -1   -1   -1  316   -1   -1   -1   -1   -1 
  -1   -1   -1   -1  316   -2    4   -1   -1   -1   -1 
  -1   -1   -1   -2  316   -2    4   -2   -1   -1   -1 
  -1   -1   -1   -1   -2   -2   -2   -1   -1   -1   -1 
  -1   -1   -1   -1   -1   -1   -1   -1   -1   -1   -1 

  -1   -1   -1   -1   -1   -1   -1   -1   -1   -1   -1 
  -1   -1   -1   -1   -1   -1   -1   -1   -1   -1   -1 
  -1   -1   -1   -1   -1   -1   -1   -1   -1   -1   -1 
  -1   -1   -1   -1   -1  718   -1   -1   -1   -1   -1 
  -1   -1   -1   -1   -1    4   -1   -1   -1   -1   -1 
  -1   -1   15   -1   -1  316  718  368  368   -1   -1 
  -1   -1   -1   15   15   15   15   15   15   -1   -1 
  -1   -1   -1   -2    4   15   15   -2   -1   -1   -1 
  -1   -1   -1   -1   -2   -2   -2   -2   -1   -1   -1 
  -1   -1   -1   -1   -1   -1   -1   -1   -1   -1   -1 
