attack_right_2
11
10
-5
-7
2
2
  -1   -1   -1   -1   -1   -1   -1   -1   -1   -1   -1 
  -1   -1   -1   -1   -1   -1  623   -1   -1   -1   -1 
  -1   -1   -1   -1   -1  718  623   -1   -1   -1   -1 
  -1   -1   -1   -1   -1    4  358   -1   -1   -1   -1 
  -1   -1   -1   -1  358  316   -1   -1   -1   -1   -1 
  -1   -1   -1   -1   -1  316   -1   -1   -1   -1   -1 
  -1   -1   -1   -1    4   -2  316   -1   -1   -1   -1 
  -1   -1   -1   -2    4   -2  316   -2   -1   -1   -1 
  -1   -1   -1   -1   -2   -2   -2   -1   -1   -1   -1 
  -1   -1   -1   -1   -1   -1   -1   -1   -1   -1   -1 
  
  -1   -1   -1   -1   -1   -1   -1   -1   -1   -1   -1 
  -1   -1   -1   -1   -1   -1   -1   -1   -1   -1   -1 
  -1   -1   -1   -1   -1   -1   -1   15   -1   -1   -1 
  -1   -1   -1   -1   -1  718   -1   -1   15   -1   -1 
  -1   -1   -1   -1   -1    4   -1   -1   15   -1   -1 
  -1   -1   -1   -1  718  316   15   15   -1   -1   -1 
  -1   -1   -1  623   15   15   15   -1   -1   -1   -1 
  -1   -1  623   15   15   -2  316   -2   -1   -1   -1 
  -1   -1   -2   -2   -2   -2   -2   -1   -1   -1   -1 
  -1   -1   -1   -1   -1   -1   -1   -1   -1   -1   -1 

