running_left
11
10
-5
-7
4
6
 -1  -1  -1  -1  -1  -1  -1  -1  -1  -1  -1
 -1  -1  -1  -1  -1  -1  -1  -1  -1  -1  -1
 -1  -1  -1  -1  -1  -1  -1  -1  -1  -1  -1
 -1  -1  -1  -1  -1 718  -1  -1  -1  -1  -1
 -1  -1  -1  -1  -1   4  -1  -1  -1  -1  -1
 -1  -1  -1 623 718  316 358  -1  -1  -1  -1
 -1  -1  -1  -1  316  -2   4  -1  -1  -1  -1
 -1  -1  -1  -2  316  -2   4  -2  -1  -1  -1
 -1  -1  -1  -1  -2  -2  -2  -1  -1  -1  -1
 -1  -1  -1  -1  -1  -1  -1  -1  -1  -1  -1
 
 -1  -1  -1  -1  -1  -1  -1  -1  -1  -1  -1
 -1  -1  -1  -1  -1  -1  -1  -1  -1  -1  -1
 -1  -1  -1  -1  -1 718  -1  -1  -1  -1  -1
 -1  -1  -1  -1  -1   4  -1  -1  -1  -1  -1
 -1  -1  -1 623 623 718  -1  -1  -1  -1  -1
 -1  -1  -1  -1  -1  316  -1  -1  -1  -1  -1
 -1  -1  -1  -1  -2   4   4  -1  -1  -1  -1
 -1  -1  -1  -1  -2  316  -2  -2  -1  -1  -1
 -1  -1  -1  -1  -2  -2  -2  -1  -1  -1  -1
 -1  -1  -1  -1  -1  -1  -1  -1  -1  -1  -1
 
 -1  -1  -1  -1  -1  -1  -1  -1  -1  -1  -1
 -1  -1  -1  -1  -1  -1  -1  -1  -1  -1  -1
 -1  -1  -1  -1  -1  -1  -1  -1  -1  -1  -1
 -1  -1 623  -1  -1 718  -1  -1  -1  -1  -1
 -1  -1  -1 623  -1   4  -1  -1  -1  -1  -1
 -1  -1  -1  -1 358  316 718  -1  -1  -1  -1
 -1  -1  -1  -1   4  -2  316  -1  -1  -1  -1
 -1  -1  -1  -2   4  -2  316  -2  -1  -1  -1
 -1  -1  -1  -1  -2  -2  -2  -1  -1  -1  -1
 -1  -1  -1  -1  -1  -1  -1  -1  -1  -1  -1
 
 -1  -1  -1  -1  -1  -1  -1  -1  -1  -1  -1
 -1  -1  -1  -1  -1  -1  -1  -1  -1  -1  -1
 -1  -1  -1  -1  -1 718  -1  -1  -1  -1  -1
 -1  -1  -1  -1  -1   4  -1  -1  -1  -1  -1
 -1  -1  -1  -1  -1  316  -1  -1  -1  -1  -1
 -1  -1  -1 623 623 718  -1  -1  -1  -1  -1
 -1  -1  -1  -1  -2   4  316  -1  -1  -1  -1
 -1  -1  -1  -1  -2   4  -2  -2  -1  -1  -1
 -1  -1  -1  -1  -2  -2  -2  -1  -1  -1  -1
 -1  -1  -1  -1  -1  -1  -1  -1  -1  -1  -1