running_up
11
10
-5
-7
4
6
 -1  -1  -1  -1  -1  -1  -1  -1  -1  -1  -1
 -1  -1  -1  -1  -1  -1  -1  -1  -1  -1  -1
 -1  -1  -1  -1  -1  -1  -1  -1  -1  -1  -1
 -1  -1  -1  -1  -1 718  -1  -1  -1  -1  -1
 -1  -1  -1  -1  316   4   4 623  -1  -1  -1
 -1  -1  -1 358  -1   4  -1 718  -1  -1  -1
 -1  -1  -1  -1   4  -2  316  -1  -1  -1  -1
 -1  -1  -1  -2   4  -2  -2  -2  -1  -1  -1
 -1  -1  -1  -1  -2  -2  -2  -1  -1  -1  -1
 -1  -1  -1  -1  -1  -1  -1  -1  -1  -1  -1
 
 -1  -1  -1  -1  -1  -1  -1  -1  -1  -1  -1
 -1  -1  -1  -1  -1  -1  -1  -1  -1  -1  -1
 -1  -1  -1  -1  -1 718  -1 623  -1  -1  -1
 -1  -1  -1  -1   4   4   4 623  -1  -1  -1
 -1  -1  -1 718  -1   4  -1 718  -1  -1  -1
 -1  -1  -1  -1  -1   4  -1  -1  -1  -1  -1
 -1  -1  -1  -1   4  -2   4  -1  -1  -1  -1
 -1  -1  -1  -2  -2  -2   4  -2  -1  -1  -1
 -1  -1  -1  -1  -2  -2  -2  -1  -1  -1  -1
 -1  -1  -1  -1  -1  -1  -1  -1  -1  -1  -1
 
 -1  -1  -1  -1  -1  -1  -1  -1  -1  -1  -1
 -1  -1  -1  -1  -1  -1  -1  -1  -1  -1  -1
 -1  -1  -1  -1  -1  -1  -1 623  -1  -1  -1
 -1  -1  -1  -1  -1 718  -1 623  -1  -1  -1
 -1  -1  -1  -1   4   4  316 623  -1  -1  -1
 -1  -1  -1 718  -1   4  -1 358  -1  -1  -1
 -1  -1  -1  -1  316  -2   4  -1  -1  -1  -1
 -1  -1  -1  -2  -2  -2   4  -2  -1  -1  -1
 -1  -1  -1  -1  -2  -2  -2  -1  -1  -1  -1
 -1  -1  -1  -1  -1  -1  -1  -1  -1  -1  -1
 
 -1  -1  -1  -1  -1  -1  -1  -1  -1  -1  -1
 -1  -1  -1  -1  -1  -1  -1  -1  -1  -1  -1
 -1  -1  -1  -1  -1 718  -1 623  -1  -1  -1
 -1  -1  -1  -1   4   4   4 623  -1  -1  -1
 -1  -1  -1 718  -1   4  -1 718  -1  -1  -1
 -1  -1  -1  -1  -1   4  -1  -1  -1  -1  -1
 -1  -1  -1  -1   4  -2   4  -1  -1  -1  -1
 -1  -1  -1  -2   4  -2  -2  -2  -1  -1  -1
 -1  -1  -1  -1  -2  -2  -2  -1  -1  -1  -1
 -1  -1  -1  -1  -1  -1  -1  -1  -1  -1  -1