attack_left_2
11
10
-5
-7
2
2
  -1   -1   -1   -1   -1   -1   -1   -1   -1   -1   -1 
  -1   -1   -1   -1   -1   -1  368   -1   -1   -1   -1 
  -1   -1   -1   -1   -1  718  368   -1   -1   -1   -1 
  -1   -1   -1   -1   -1    4  718   -1   -1   -1   -1 
  -1   -1   -1   -1   -1  316   -1   -1   -1   -1   -1 
  -1   -1   -1   -1   -1  316   -1   -1   -1   -1   -1 
  -1   -1   -1   -1    4   -2  316   -1   -1   -1   -1 
  -1   -1   -1   -2    4   -2  316   -2   -1   -1   -1 
  -1   -1   -1   -1   -2   -2   -2   -1   -1   -1   -1 
  -1   -1   -1   -1   -1   -1   -1   -1   -1   -1   -1 

  -1   -1   -1   -1   -1   -1   -1   -1   -1   -1   -1 
  -1   -1   -1   -1   -1   -1   -1   -1   -1   -1   -1 
  -1   -1   -1   15   -1   -1   -1   -1   -1   -1   -1 
  -1   -1   15   -1   -1  718   -1   -1   -1   -1   -1 
  -1   -1   15   -1   -1    4   -1   -1   -1   -1   -1 
  -1   -1   -1   15  718  316  358   -1   -1   -1   -1 
  -1   -1   -1   15    4   15  316  623   -1   -1   -1 
  -1   -1   -1   -2    4   15  316   15  623   -1   -1 
  -1   -1   -1   -1   -2   -2   -2   -2   -2   -1   -1 
  -1   -1   -1   -1   -1   -1   -1   -1   -1   -1   -1 
