big_pink_tree
10
17
-4
-14
2
1

  -1   -1   -1 345  218  218  345  581    -1   -1
  -1   -1 345  218  218  345  345  581    -1   -1
  -1 581  218  218  345  345  218  218  218  581
581  218  345  345  581  345  345  345  345  581
581  345  345  345  345  581  345  345  345  581
581  345  581  345  345  581  581  345  581  581
581  345  345  581  581  581  581  507  581  581
581  581  581  507  581  581  581  507  581  581
  -1   -1 581  581  507  581  507  581  581    -1
  -1   -1   -1   -1   -1 507  507    -1   -1   -1
  -1   -1   -1   -1   -1 507    -1   -1   -1   -1
  -1   -1   -1   -1 507  507    -1   -1   -1   -1
  -1   -1   -2   -2 507  507    -2   -2   -1   -1
  -1   -2   -2   -2 507  507    -2   -2   -2   -1
  -1   -2   -2 507  507  507  507    -2   -2   -1
  -1   -1   -2   -2   -2 507    -2   -2   -2   -1
  -1   -1   -1   -1   -2   -2   -2   -1   -1   -1

  -1   -1   -1 345  218  218  345  581    -1   -1
  -1   -1 345  218  218  345  345  218  581    -1
  -1 581  218  218  345  345  218  218  218  581
581  218  218  345  581  345  218  345  345  581
581  345  345  345  345  581  345  345  345  581
581  345  345  581  345  581  345  345  581  581
581  345  345  581  581  581  581  507  345  581
581  581  345  507  581  581  581  507  581  581
  -1   -1 581  581  507  581  507  581  581    -1
  -1   -1   -1   -1   -1 507  507    -1   -1   -1
  -1   -1   -1   -1   -1 507    -1   -1   -1   -1
  -1   -1   -1   -1 507  507    -2   -1   -1   -1
  -1   -1   -1   -2 507  507    -2   -2   -2   -1
  -1   -2   -2   -2 507  507    -2   -2   -2   -2
  -1   -1   -2 507  507  507  507    -2   -2   -1
  -1   -1   -2   -2   -2 507    -2   -2   -2   -1
  -1   -1   -1   -2   -2   -2   -2   -2   -1   -1